BIBLE	(	)	{	}	[	]	<	>	«	»	'	"	‘	’	“	”	„	:	;	,	.	?	!	~	`	-	=	/	…	|	+	\	@	#	$	%	^	&	*	_	[:punct:]
Holy-Bible---Abureni---Abureni-Bible	161	161	0	0	7	7	0	0	0	0	0	0	288	288	1301	1032	0	206	208	8151	4439	477	299	0	0	187	0	3	0	0	0	0	0	0	0	0	0	0	0	0	
Holy-Bible---Ahirani---Ahirani-Bible	235	235	0	0	0	0	0	0	0	0	2	292	131	117	1965	1933	0	131	6186	17022	12648	1391	704	0	0	195	0	0	0	0	0	0	0	0	0	0	0	0	0	0	।
Holy-Bible---Ajiya---Ajiya-Bible	84	84	0	0	0	0	0	0	0	0	0	0	240	259	1414	1285	0	2	79	7211	4080	620	336	0	0	16	0	0	0	0	0	0	0	0	0	0	0	0	0	0	
Holy-Bible---Alaba-Kabeena---Alaba-Kabeena-Bible	203	203	0	0	19	19	0	0	2550	2410	0	0	0	0	0	0	0	2	0	8	1	1070	852	0	0	279	0	0	0	0	0	0	0	0	0	0	0	0	0	0	። ፤ ‹ › ፥ ፦
Holy-Bible---Amo---Amo-Bible	287	287	0	0	19	17	0	0	0	0	1126	0	0	0	1601	1620	0	116	291	13295	9032	972	298	0	1	230	0	3	0	0	0	0	0	0	0	0	0	0	0	0	
Holy-Bible---Apal---Apali-Bible	204	204	0	0	0	0	0	0	0	0	0	0	0	0	0	0	0	2	0	88	39069	0	0	0	0	1	0	0	0	0	0	0	0	0	0	0	0	0	0	0	
Holy-Bible---Arabic---Arabic-Van-Dyck-Bible	267	267	0	0	0	0	0	0	6614	5800	0	0	0	0	0	0	0	8810	0	8	36428	0	1301	0	0	89	0	0	0	0	0	0	0	0	0	0	0	0	0	0	، ؟
Holy-Bible---Arabic---New-Arabic-Bible	1201	1201	0	0	1	1	0	0	5459	5459	0	0	93	93	0	0	0	8287	0	8	28019	0	2071	0	0	1	0	0	0	0	0	0	0	0	0	0	0	0	0	0	، ؟ ؛ –
Holy-Bible---Aramaic---Syriac-Peshitta	202	202	0	0	0	0	0	0	0	0	0	0	0	0	0	0	0	2	0	8	1	0	0	0	0	1	0	0	0	0	0	0	0	0	0	0	0	0	0	0	
Holy-Bible---Arapaho---Arapaho-Luke	30	30	0	0	0	0	0	0	0	0	0	0	0	0	0	0	0	282	289	2465	942	161	0	0	0	1	0	0	0	0	0	0	0	0	0	0	0	0	0	0	
Holy-Bible---Armenian---Armenian-Bible-Eastern	101	101	0	0	0	0	0	0	2294	2269	0	0	0	0	0	0	0	7258	0	11922	3667	0	0	0	0	116	0	0	0	0	0	0	0	0	0	0	0	0	0	0	՝ ՛ ՞ ՚ ՜
Holy-Bible---Armenian---Armenian-Bible-Western	388	388	0	0	0	0	0	0	1918	1903	0	52	0	0	519	519	0	7503	0	11601	4732	0	0	0	0	183	0	0	0	0	0	0	0	0	0	0	0	0	0	0	՝ ՛ ՞ ՚ ֊ ՜
Holy-Bible---Aruamu---Aruamu-Bible	383	383	0	0	0	0	0	0	0	0	0	0	1150	1134	8090	6411	0	1434	22	92726	65903	2766	1321	0	0	5	0	0	0	0	0	0	0	0	0	0	0	0	0	0	
Holy-Bible---Arumanisht---Aromanian-Bible	63	63	0	0	24	24	0	0	0	0	0	0	154	154	602	602	0	794	3	3507	2076	290	200	0	0	4735	0	0	1	0	0	0	0	0	0	0	0	0	0	0	–
Holy-Bible---Assamese---Assamese-Bible	401	400	0	0	12	12	0	0	0	0	0	0	1326	16242	5928	5773	0	780	12380	45094	2	3349	1394	0	0	6366	0	0	0	0	0	0	0	0	0	0	0	0	0	0	। – —
Holy-Bible---Ayta-Ambala---Ayta-Ambala-Bible	26	26	0	0	3	3	0	0	0	0	0	0	28	28	324	325	0	5	0	1648	1601	117	79	0	0	1	0	0	0	0	0	0	0	0	0	0	0	0	0	0	
Holy-Bible---Azerbaijani---Azerbaijani-Bible	340	340	0	0	0	0	0	0	5900	5900	0	0	0	0	1776	1776	0	7295	1018	38456	38808	3339	2375	0	0	3977	0	0	2	0	0	0	0	0	0	0	0	0	0	0	– ‹ ›
Holy-Bible---Baga-Sitemu---Baga-Sitemu-Bible	93	93	0	0	5	3	0	0	2646	2612	5526	0	0	33	0	0	0	3680	0	19538	13011	869	1183	0	0	4575	0	0	0	0	0	0	0	0	0	0	0	0	0	0	‹ › —
Holy-Bible---Baiso---Basio-Bible	206	206	0	0	18	18	0	0	0	0	0	0	367	364	2366	2051	0	2	0	24	61	1041	655	0	0	1	0	0	0	0	0	0	0	0	0	0	0	0	0	0	፤ ፥ ። ፦
Holy-Bible---Bangwinji---Bangwinji-Bible	262	259	1	1	7	7	0	0	0	0	420	4	0	0	668	700	0	34	63	9309	7650	806	67	0	1	895	1	4	0	0	0	0	0	0	0	0	0	0	0	0	—
Holy-Bible---Bareli-Palya---Palya-Bareli-Bible	22	22	0	0	0	0	0	0	0	0	0	0	27	27	317	316	0	26	118	1637	0	187	131	0	0	158	0	0	0	0	0	0	0	0	0	0	0	0	0	0	।
Holy-Bible---Basa-Gurmana---Basa-Gurmana-Bible	23	24	0	0	0	0	0	0	0	0	1850	0	73	84	428	303	0	37	0	1491	961	162	53	0	0	0	0	0	0	0	0	0	0	0	0	0	0	0	0	0	
Holy-Bible---Basque---Basque-NT	358	358	0	0	0	0	0	0	0	0	0	0	0	0	0	0	0	3862	2	15329	6646	998	14	0	0	1483	0	0	0	0	0	0	0	0	0	0	0	0	0	0	
Holy-Bible---Beami---Bedamuni-Bible	3360	3354	0	0	22	22	0	0	0	0	0	0	2536	2430	6120	5774	0	131971	69	65686	56510	2835	7967	0	72	312	7	30	0	0	0	0	0	0	0	9	0	0	0	0	–
Holy-Bible---Beaver---Beaver-Mark	15	15	0	0	0	0	0	0	0	0	0	0	0	0	0	0	0	197	168	1360	565	118	6	0	0	128	0	0	0	0	0	0	0	0	0	0	0	0	0	0	
Holy-Bible---Bekwel---Bekwel-Bible	202	202	0	0	20	18	0	0	2357	2210	2791	0	3	3	485	485	0	2583	51	23511	13427	949	829	0	0	1380	0	0	0	0	0	0	0	0	0	0	0	0	0	0	—
Holy-Bible---Bengali---Bengali-Bible	575	575	0	0	192	192	0	0	0	0	0	0	536	536	4975	4968	0	138	10320	44602	3	3375	731	0	0	1322	0	0	0	0	0	0	0	0	0	0	0	0	0	0	। – —
Holy-Bible---Bengali---Contemporary	579	579	0	0	0	0	0	0	0	0	0	0	1852	1447	8302	6342	0	1776	5292	49060	65	3292	1671	0	0	3086	0	0	0	0	0	0	0	0	0	0	0	0	0	0	। —
Holy-Bible---Bhadrawahi---Bhadrawahi-Bible	463	463	0	0	0	0	0	0	0	0	0	0	207	207	1997	1959	0	27	401	14453	2	856	307	0	0	561	0	0	0	0	0	0	0	0	0	0	0	0	0	0	।
Holy-Bible---Bhattiyali---Bhattiyali-Bible	221	221	0	0	0	0	0	0	0	0	0	0	7	7	1751	1751	0	247	1033	14713	1	800	115	0	0	562	0	0	0	0	0	0	0	0	0	0	0	0	0	0	।
Holy-Bible---Bhilali---Bhilali-Bible	204	204	0	0	0	0	0	0	0	0	0	0	93	93	1823	1777	0	86	1297	13262	1	938	489	0	0	2503	0	0	0	0	0	0	0	0	0	0	0	0	0	0	।
Holy-Bible---Blackfoot---Matthew	33	33	0	0	0	0	0	0	0	0	7783	0	0	0	0	0	0	257	331	1943	861	171	24	0	0	15	0	0	0	0	0	0	0	0	0	0	0	0	0	0	
Holy-Bible---Bodo-Parja---BOPO-Bible	202	202	0	0	0	0	0	0	0	0	1	0	211	211	2014	2014	0	2	859	12444	1	909	93	0	0	20	0	0	0	0	0	0	0	0	0	0	0	0	0	0	।
Holy-Bible---Boga---Boga-Bible	37	37	0	0	2	2	0	0	0	0	1736	1037	0	0	0	0	0	509	8	3370	2402	307	55	0	0	6	0	0	0	0	0	0	0	0	0	0	0	0	0	0	
Holy-Bible---Bondei---Bondei-Bible	72	72	0	0	0	0	0	0	0	0	172	0	254	254	1500	1381	0	2	2	5825	3827	595	363	0	0	1	0	0	0	0	0	0	0	0	0	0	0	0	0	0	
Holy-Bible---Borna---Borna-Latin-Bible	212	212	0	0	18	18	0	0	2216	2063	29899	0	0	0	0	0	0	5	4	9358	7128	1051	1351	0	0	1	0	0	0	0	0	0	0	0	0	0	0	0	0	0	‹ ›
Holy-Bible---Breton---Breton-Gospels	93	93	0	0	101	101	0	0	0	0	5884	0	0	0	0	0	0	1641	993	7650	3238	592	199	0	0	2371	2	0	0	0	0	0	0	0	0	0	0	0	0	0	
Holy-Bible---Bu---Bauchi-Bu-Bible	36	36	0	0	3	3	0	0	0	0	3603	0	83	93	550	489	0	68	47	3312	1975	224	101	0	0	1	0	0	0	0	0	0	0	0	0	0	0	0	0	0	
Holy-Bible---Bu---Bu-Bible	536	535	1	1	1	1	0	0	0	0	3590	0	0	0	1062	882	0	51	150	9911	7613	938	105	0	2	542	0	44	0	0	0	0	0	0	0	0	0	0	0	0	
Holy-Bible---Bugun---Bugun-Bible	304	304	2	2	4	4	0	0	0	0	2	1	106	106	1940	1869	0	404	1055	11424	8709	984	1200	0	0	7971	0	0	0	0	0	0	0	0	0	0	0	0	0	0	—
Holy-Bible---Bulgarian---Bulgarian-Bible	918	909	0	0	184	186	0	0	0	0	7	387	0	0	35	37	0	8260	15185	71480	25718	3136	1225	0	0	2085	0	0	0	0	0	0	0	0	0	0	0	0	0	0	
Holy-Bible---Bwile---Bwile-Bible	30	30	0	0	0	0	0	0	0	0	0	0	104	104	425	350	0	2	6	1659	1196	184	214	0	0	0	0	0	0	0	0	0	0	0	0	0	0	0	0	0	
Holy-Bible---Calo---Calo-Bible	14	14	0	0	0	0	0	0	0	0	0	0	0	39	0	0	0	802	131	2440	1032	154	25	0	0	61	0	0	0	0	0	0	0	0	0	0	0	0	0	0	¿ ¡
Holy-Bible---Cebuano---Cebuano-Bible	1041	1040	0	0	1	1	0	0	0	0	3392	8	6	6	5903	5679	0	1081	4898	53889	39322	3263	1525	0	1	14657	0	43	0	0	0	0	0	0	0	0	0	0	0	0	— –
Holy-Bible---Cebuano---Cebuano-Open-Bible	1066	1066	0	0	28	28	0	0	0	0	0	0	1094	890	7611	5636	0	1362	1242	41536	44845	2514	1549	0	0	16813	0	0	0	0	0	0	0	0	0	0	0	0	0	0	
Holy-Bible---Cebuano---Cebuano-Philippine	1195	1194	0	0	0	0	0	0	0	0	353	3863	0	0	0	0	0	11210	13002	61536	27001	3201	673	0	393	18012	0	6	0	0	0	0	0	0	0	0	0	0	0	0	
Holy-Bible---Chamorro---Chamorro-Gospels-Acts-and-Psalms	212	212	0	0	0	0	0	0	0	0	0	0	0	0	0	0	0	3712	2625	10758	6464	847	153	0	0	6	0	0	0	0	0	0	0	0	0	0	0	0	0	0	—
Holy-Bible---Cherokee---Cherokee-New-Testament	250	250	0	0	214	214	0	0	0	0	0	0	0	10	51	51	0	19	4668	14238	6952	931	99	0	0	511	0	0	0	0	0	0	0	0	0	0	0	0	0	0	—
Holy-Bible---Chhattisgarhi---Chhattisgarhi-Bible	562	562	0	0	0	0	0	0	0	0	0	0	1750	1338	8068	6124	0	2329	6259	51722	1	3125	1614	0	0	6712	0	0	0	0	0	0	0	0	0	0	0	0	0	0	। —
Holy-Bible---Chichewa---Chichewa-Bible	587	582	0	0	1	1	0	0	0	0	0	0	1742	1417	7968	6176	0	1550	3947	41950	38538	3233	1534	0	0	428	0	0	0	0	0	0	0	0	0	0	0	0	0	0	—
Holy-Bible---Chin-Daai---Daai-Chin-Bible	286	286	2	2	3	3	0	0	0	0	589	0	359	985	2807	1981	0	156	918	13255	9831	934	231	0	0	12	0	0	0	0	0	0	0	0	0	0	0	0	0	0	—
Holy-Bible---Chin-Eastern-Khumi---Asang-Khongca-Bible	502	503	0	0	0	0	0	0	0	0	0	0	0	0	3	2	0	2788	15012	71698	28218	3210	573	0	0	589	0	0	0	0	0	0	0	0	0	0	0	0	0	0	
Holy-Bible---Chin-Matu---Matupi-Chin-2019	346	346	0	0	0	0	0	0	0	0	4718	0	93	550	5590	5438	0	3	8	28188	47432	2669	26	0	0	291	0	0	0	0	0	0	0	0	0	0	0	0	0	0	
Holy-Bible---Chin-Matu---Matupi-Chin-Bible	346	346	0	0	0	0	0	0	0	0	4800	0	18	528	5586	5428	0	3	8	28114	46926	2678	26	0	0	291	0	0	0	0	0	0	0	0	0	0	0	0	0	0	
Holy-Bible---Chin-Matu---Tuivang-Matu-Chin-Bible	310	309	0	0	0	0	0	0	0	0	304	0	149	164	1802	1916	0	445	1871	14981	12139	1186	498	0	0	1394	0	0	0	0	0	0	0	0	0	0	0	0	0	0	–
Holy-Bible---Chin-Siyin---Siyin-Chin-Bible	209	209	0	0	0	0	0	0	0	0	4	0	1	0	8	7	0	2237	1828	15402	6850	1017	78	0	0	218	0	0	0	0	0	0	0	0	0	0	0	0	0	0	
Holy-Bible---Chin-Thado---Chongthu-Bible	599	598	0	0	0	0	0	0	0	0	13499	0	368	9777	6111	5800	0	712	1504	46530	38911	3066	1954	0	2	4947	0	5	1	0	0	0	0	0	0	0	0	0	0	34	— –
Holy-Bible---Chin-Thaiphum---Thai-Phum-Bible	353	354	0	0	0	0	0	0	0	0	10	0	17	0	8	2	0	297	40	53371	46648	0	753	0	0	53	0	0	0	0	0	0	0	0	0	0	0	0	0	0	
Holy-Bible---Chinese---Chinese-Easy-to-Read	209	205	0	0	0	0	0	0	0	0	0	0	374	374	1888	1888	0	2	0	37	37	0	0	0	0	10	0	1	4	0	0	0	0	0	0	0	0	0	0	0	。 ： ； （ ） ， — ？ ！ 、 · 《 》
Holy-Bible---Chinese---Chinese-Sigao-Bible	286	286	0	0	293	292	0	0	0	0	0	0	0	0	0	0	0	338	7	33	65	59	2708	0	3	23	0	0	0	0	0	0	0	0	0	0	0	0	0	0	。 ， ： 「 」 、 ； ﹖ （ ） － ‧ 『 』 ． ！ ﹕ ﹝ ﹞ 【 】 ？ ﹔ ︰ — ¡ ｛
Holy-Bible---Chinese---Chinese-Union-Version-Simplified	336	336	0	0	0	0	0	0	0	0	0	0	981	970	5896	5372	0	2	0	8	7	0	0	0	0	2	0	0	0	0	0	0	0	0	0	0	0	0	0	0	， 。 ； ： 、 ！ ？ · （ ） — 〔 〕
Holy-Bible---Chinese---Chinese-Union-Version-Traditional	337	337	0	0	0	0	0	0	0	0	0	0	0	0	0	0	0	2	0	8	7	0	0	0	0	1	0	0	0	0	0	0	0	0	0	0	0	0	0	0	， 。 ； ： 「 」 、 ！ ？ 『 』 ‧ （ ） － 〔 〕
Holy-Bible---Chinese---Mandarin-Bible-Simplified	335	335	0	0	0	0	0	0	0	0	0	0	1270	1168	7014	5564	0	2	0	8	1	0	0	0	0	1	0	0	0	0	0	0	0	0	0	0	0	0	0	0	， 。 ： ！ — 、 ？ · ； 《 》 ‧ （ ）
Holy-Bible---Chinese---Mandarin-Bible-Traditional	335	335	0	0	0	0	0	0	0	0	0	0	0	0	0	0	0	2	0	8	1	0	0	0	0	1	0	0	0	0	0	0	0	0	0	0	0	0	0	0	， 。 ： 「 ！ 」 — 、 『 』 ？ · ； 《 》 ‧ （ ）
Holy-Bible---Chiyawo---Yao	202	202	0	0	0	0	0	0	0	0	337	0	382	380	2130	1889	0	39	2	11268	9318	978	671	0	0	1	0	0	0	0	0	0	0	0	0	0	0	0	0	0	
Holy-Bible---Cishingini---Cishingini-Bible	81	81	0	0	0	0	0	0	0	0	0	0	765	741	4444	3630	0	145	43	37244	24998	1681	108	0	0	1826	0	0	0	0	0	0	0	0	0	0	0	0	0	0	
Holy-Bible---Coptic---Coptic-Boharic-NT	202	202	0	0	0	5	0	0	0	0	0	0	0	0	0	0	0	2	0	8	6632	0	0	0	0	93	0	1	0	0	0	0	0	0	0	0	0	0	0	0	
Holy-Bible---Coptic---Coptic-NT	205	203	0	0	0	0	0	0	0	0	0	0	0	0	0	0	0	2	0	8	7726	0	0	0	0	8	0	0	0	0	0	0	0	0	0	0	0	0	0	0	⳿
Holy-Bible---Coptic---Sahidic-Bible	198	198	0	0	0	0	0	0	0	0	0	0	0	0	0	0	0	3	0	8	1	0	0	0	1	1	0	0	0	0	0	0	0	0	0	0	0	0	0	0	〚 〛
Holy-Bible---Coptic---Sahidic-Coptic-Horner	382	382	0	0	32	32	0	0	0	0	0	1	0	0	0	0	0	0	2	10	15120	0	0	0	1	1	0	0	0	0	0	0	0	0	0	0	0	0	0	0	·
Holy-Bible---Croatian---Croatian-Bible	312	312	0	0	34	34	0	0	0	0	4066	88	0	0	6246	6237	0	10595	4037	45082	29443	2952	6064	0	0	3205	0	0	0	0	0	0	0	0	0	0	0	0	0	0	§
Holy-Bible---Croatian---Croatian-Open-Bible	254	254	0	0	0	0	0	0	0	0	0	0	392	392	2071	2071	0	1848	150	8543	9000	938	1500	0	0	4	0	0	6	0	0	0	0	0	0	0	0	0	0	0	—
Holy-Bible---Cung---Chung-Bible	226	226	0	0	18	18	0	0	0	0	567	0	318	318	1812	1812	0	31	0	16151	11548	1049	157	0	0	1	0	0	0	0	0	0	0	0	0	0	0	0	0	0	
Holy-Bible---Czech---Czech-Bible-Kralicka	888	887	0	0	0	0	0	0	0	0	0	0	0	0	0	0	0	8400	5090	82228	30971	3149	117	0	0	1156	0	0	0	0	0	0	0	0	0	0	0	0	0	0	
Holy-Bible---Czech---Kralicka	891	889	0	0	0	0	0	0	0	0	0	0	0	0	0	0	0	8404	5143	81896	30862	3150	135	0	0	1165	0	0	0	0	0	0	0	3	0	0	0	0	0	0	
Holy-Bible---Czech---Living-Bible	232	232	0	0	0	0	0	0	0	0	0	0	215	1	1748	0	1748	1839	287	12908	9228	857	729	0	0	180	0	0	3	0	0	0	0	0	0	0	0	0	0	0	– ‚
Holy-Bible---Danish---Danish-1871-1907	442	440	0	0	29	29	0	0	0	0	533	0	0	0	0	1860	1869	8502	12718	70211	23911	3112	4050	0	0	576	0	0	0	0	0	0	0	0	0	0	0	0	0	0	—
Holy-Bible---Danish---Danish-1931-1907	439	439	0	0	26	26	0	0	3641	3644	1718	0	0	0	0	1719	1722	8136	10112	66727	20765	2626	6229	0	0	564	0	0	0	0	0	0	0	0	0	0	0	0	0	0	—
Holy-Bible---Danish---Danish-Bible	556	560	0	0	0	0	0	0	0	0	1402	10714	0	0	0	0	0	8168	10127	66430	20954	2624	6212	0	0	764	0	0	0	0	0	0	0	0	0	0	0	0	0	0	
Holy-Bible---Dawro---Dawuro-Bible	317	317	0	0	2	2	0	0	8422	6319	120602	6347	0	0	0	0	0	265	19553	46645	38723	3257	1838	0	0	374	0	0	0	0	0	0	0	0	0	0	0	0	0	0	‹ ›
Holy-Bible---Desiya---Desiya-Bible	205	205	0	0	0	0	0	0	0	0	4	1	63	63	1981	1949	0	2	2	10424	2	920	404	0	0	1	0	0	0	0	0	0	0	0	0	0	0	0	0	0	।
Holy-Bible---Dhanki---Dhanki-Devanagari-Bible	324	325	0	0	0	0	0	0	0	0	8	82	111	111	2918	2779	0	871	4321	22248	42	1388	261	0	6	350	0	0	0	0	0	0	0	0	0	0	0	0	0	0	। – —
Holy-Bible---Dholuo---Dholuo-Bible	646	646	0	0	18	18	0	0	0	0	0	0	1643	1320	7785	6020	0	1781	4223	43329	34541	3183	1681	0	0	7895	0	0	0	0	0	0	0	0	0	0	0	0	0	0	
Holy-Bible---Dombe---Dombe-Bible	280	279	1	1	8	6	0	0	0	0	699	0	10	11	1853	1776	0	174	292	12512	9283	983	272	0	1	334	0	1	0	0	0	0	0	0	0	0	0	0	0	0	—
Holy-Bible---Dongxiang---Donxian-Bible	213	213	0	0	0	0	0	0	0	0	592	3854	0	0	0	0	0	2	1	7503	11652	1027	480	0	0	32	0	0	0	0	0	0	0	0	0	0	0	0	0	0	
Holy-Bible---Dutch---Canisiusvertaling	308	308	0	0	0	0	0	0	0	0	0	1543	173	436	26	28	0	10248	12094	69376	26215	2367	4741	0	0	1326	0	0	17	0	0	0	0	0	0	0	0	0	0	0	—
Holy-Bible---Dutch---Leuvense-Bible	857	855	0	0	0	0	0	0	0	0	0	0	0	2	0	0	0	9	0	75237	24424	2921	0	0	1	286	0	1	0	0	0	0	0	0	0	0	0	0	0	0	¶
Holy-Bible---Dutch---Schrift	671	673	0	0	0	0	0	0	0	0	122	0	0	0	0	0	0	7914	19279	86314	26526	3073	2740	0	0	735	0	0	0	0	0	0	0	0	0	0	0	0	0	0	
Holy-Bible---Dutch---Statenvertaling	663	670	0	0	0	0	0	0	0	0	119	0	0	0	0	0	0	7936	19270	86443	26549	3068	2753	0	0	700	0	0	0	0	0	0	0	0	0	0	0	0	0	0	
Holy-Bible---Duya---Duya-Bible	202	202	0	0	0	0	0	0	0	0	87	0	402	401	2301	1858	0	2	0	13476	9943	1012	589	0	0	1517	0	0	0	0	0	0	0	0	0	0	0	0	0	0	
Holy-Bible---Ekajuk---Ekajuk-Bible	305	302	0	0	2	3	0	0	0	0	812	479	567	551	4422	3214	0	472	390	43270	22249	1705	930	0	0	10714	0	2	0	0	0	0	0	0	0	0	0	0	0	0	
Holy-Bible---English---A-Conservative-Version	678	678	0	0	3	3	0	0	0	0	1816	0	0	0	0	0	0	1104	765	77868	38253	3140	389	0	0	2289	0	0	1	0	0	0	0	0	0	0	0	0	0	0	
Holy-Bible---English---Aionian-Bible	604	604	0	0	0	0	0	0	0	0	32	90	1969	5647	7815	6342	0	1557	5887	67038	37361	3261	1716	0	0	804	0	0	0	0	0	0	0	0	0	0	0	0	0	0	—
Holy-Bible---English---American-Standard-Version-1901	627	627	0	0	4317	4317	0	0	0	0	0	0	0	1999	0	0	0	9090	14184	70473	25945	3220	385	0	0	3227	0	0	0	0	0	0	0	0	0	0	0	0	0	0	—
Holy-Bible---English---Anderson-Bible	285	285	0	0	1	1	0	0	0	0	0	0	0	175	0	0	0	2695	2641	18593	6619	1017	100	0	0	393	0	0	0	0	0	0	0	0	0	0	0	0	0	0	―
Holy-Bible---English---Berean-Standard	510	510	0	0	0	0	0	0	0	0	0	0	1441	3598	6753	6689	0	2524	4959	50804	34709	3200	1817	0	0	1310	0	0	0	0	0	0	0	0	0	0	0	0	0	0	—
Holy-Bible---English---Bible-in-Basic-English	603	603	0	0	1	1	0	0	0	0	2526	0	0	0	0	0	0	7650	12045	60306	25889	3152	533	0	0	4911	0	0	0	0	0	0	0	0	0	0	0	0	0	0	—
Holy-Bible---English---Brenton-English-Septuagint	238	238	0	0	8473	8473	0	0	0	0	807	0	0	63	1	1	0	6448	8819	51594	20062	2125	184	0	0	2775	0	0	0	0	0	0	0	0	0	0	0	0	0	0	—
Holy-Bible---English---British-English-Septuagint-2012	238	238	0	0	8466	8466	0	0	0	0	861	0	0	72	1	1	0	6444	8823	51591	20064	2125	184	0	0	1686	0	0	0	0	0	0	0	0	0	0	0	0	0	0	—
Holy-Bible---English---Catholic-Public-Domain	460	460	0	0	0	0	0	0	0	0	0	0	1115	1568	5471	5457	0	6290	1863	78878	42712	3034	670	0	0	1309	0	0	0	0	0	0	0	0	0	0	0	0	0	0	
Holy-Bible---English---Darby-Translation	576	576	0	0	7493	7493	0	0	0	0	1983	0	0	0	1	1	0	5207	14538	69050	26165	3222	941	0	0	3723	0	0	0	0	0	0	0	0	0	0	0	0	0	0	—
Holy-Bible---English---Douay-Rheims-1899	517	517	0	0	0	0	0	0	0	0	0	0	0	1158	0	0	0	22520	2167	65208	28656	2982	60	0	0	304	0	0	0	0	0	0	0	0	0	0	0	0	0	0	
Holy-Bible---English---Family-35-NT	592	598	0	0	81	81	0	0	0	0	612	0	725	718	2049	1818	0	1131	1641	13465	6170	957	922	0	0	149	0	5	1	0	0	0	0	0	0	0	0	0	0	0	—
Holy-Bible---English---Free-Bible-Version	833	833	0	0	0	0	0	0	0	0	15001	0	1045	1041	6564	6563	0	1794	2757	47661	38916	3276	3834	0	0	1685	0	0	15	0	0	0	0	0	0	0	0	0	0	0	—
Holy-Bible---English---Geneva-Bible	1168	1167	0	0	0	0	0	0	0	0	0	0	14	14	0	0	0	13737	35	79069	26514	3320	102	0	0	672	0	0	0	0	0	0	0	0	0	0	0	0	0	0	
Holy-Bible---English---Godbey-Bible	250	250	0	0	1	1	0	0	0	0	59	4	0	0	0	1	0	1923	2721	16721	6045	992	72	0	0	218	0	0	0	0	0	0	0	0	0	0	0	0	0	0	
Holy-Bible---English---Gods-Living-Word	50	50	0	0	0	0	0	0	0	0	0	0	42	519	408	385	0	27	49	2061	1121	173	60	0	0	17	0	0	0	0	0	0	0	0	0	0	0	0	0	0	—
Holy-Bible---English---Haweis-Bible	311	311	0	0	0	0	0	0	0	0	0	0	0	255	189	189	0	2042	2091	18282	6301	1026	286	0	0	381	0	0	0	0	0	0	0	0	0	0	0	0	0	0	―
Holy-Bible---English---Jewish-Bible	140	140	0	0	0	0	0	0	0	0	9394	0	0	0	0	0	0	6121	16059	49234	20039	2222	398	0	0	3177	0	0	0	0	0	0	0	0	0	0	0	0	0	0	—
Holy-Bible---English---King-James-Version	564	564	0	0	21504	21504	0	0	0	0	0	0	0	1997	0	0	0	12718	10155	70791	26180	3298	313	0	0	809	0	0	0	0	0	0	0	0	0	0	0	0	0	0	—
Holy-Bible---English---King-James-Version-American	563	563	0	0	0	0	0	0	0	0	0	0	0	1995	0	0	0	12697	10139	70649	26125	3297	313	0	0	45	0	0	0	0	0	0	0	0	0	0	0	0	0	0	—
Holy-Bible---English---King-James-Version-Cambridge	564	564	0	0	1	1	0	0	0	0	0	0	0	1996	0	0	0	12717	10151	70708	26081	3298	313	0	0	799	0	0	0	0	0	0	0	0	0	0	0	0	0	0	—
Holy-Bible---English---King-James-Version-Restored-Name	594	594	0	0	193	193	0	0	0	0	1990	6	0	0	0	0	0	12715	10144	70639	26080	3298	311	0	0	590	0	0	0	0	0	0	0	0	0	0	0	0	0	0	
Holy-Bible---English---King-James-Version-Revised	564	564	0	0	0	0	0	0	0	0	102	0	0	1894	0	0	0	12716	10151	70721	26079	3297	313	0	0	18	0	0	0	0	0	0	0	0	0	0	0	0	0	0	– —
Holy-Bible---English---King-James-Version-Updated	1477	1477	0	0	0	0	0	0	0	0	2016	0	0	0	0	0	0	12695	10140	70580	26127	3297	313	0	0	107	0	0	0	0	0	0	0	0	0	0	0	0	0	0	
Holy-Bible---English---LXX2012-U-S-English	238	238	0	0	8466	8466	0	0	0	0	861	0	0	72	1	1	0	6444	8823	51591	20064	2125	184	0	0	1686	0	0	0	0	0	0	0	0	0	0	0	0	0	0	—
Holy-Bible---English---Leeser-Tanakh	162	162	0	0	2850	2850	0	0	0	0	4265	0	0	0	290	290	0	6353	11845	54814	19689	2133	443	0	0	3652	0	0	0	0	0	0	0	0	0	0	0	0	0	0	— •
Holy-Bible---English---Literal-Standard	670	670	0	0	13169	13169	0	0	0	0	0	0	153	729	6010	6010	0	2087	9818	88369	17655	3253	1489	0	0	3122	0	0	1	0	0	0	0	0	0	0	0	0	0	0	—
Holy-Bible---English---Living-Oracles-NT	380	380	0	0	0	0	0	0	0	0	245	470	0	0	0	0	0	1074	3250	22075	6426	970	258	0	0	612	0	0	0	0	0	0	0	0	0	0	0	0	0	0	
Holy-Bible---English---Majority-Standard-Bible	582	582	0	0	0	0	0	0	0	0	1	0	1455	3602	6755	6696	0	2518	4904	50943	34929	3198	1830	0	0	1313	0	0	0	0	0	0	0	0	0	0	0	0	0	0	—
Holy-Bible---English---Montgomery-NT	331	330	0	0	0	0	0	0	0	0	0	5775	365	776	0	0	0	2	2036	14936	7777	1012	528	0	0	564	0	0	0	0	0	0	0	0	0	0	0	0	0	0	
Holy-Bible---English---New-Heart-Aramaic	587	588	0	0	133	133	0	0	0	0	6871	13610	0	0	0	0	0	3301	8636	70741	35171	3250	3	0	0	1166	0	0	0	0	0	0	0	0	0	0	0	0	0	0	— –
Holy-Bible---English---New-Heart-Jehovah	587	588	0	0	133	133	0	0	0	0	6776	13605	0	0	0	0	0	3303	8634	70753	35170	3254	3	0	0	1074	0	0	0	0	0	0	0	0	0	0	0	0	0	0	— –
Holy-Bible---English---New-Heart-Jesus-Messiah	725	726	0	0	133	133	0	0	0	0	6778	13608	0	0	0	0	0	3302	8633	70750	35175	3243	3	0	0	1075	0	0	0	0	0	0	0	0	0	0	0	0	0	0	— –
Holy-Bible---English---New-Heart-Messianic	587	588	0	0	133	133	0	0	0	0	6870	13614	0	0	0	0	0	3302	8634	70749	35168	3244	3	0	0	1188	0	0	0	0	0	0	0	0	0	0	0	0	0	0	— –
Holy-Bible---English---New-Heart-Standard	587	588	0	0	133	133	0	0	0	0	6779	13617	0	0	0	0	0	3302	8630	70736	35172	3243	3	0	0	1074	0	0	0	0	0	0	0	0	0	0	0	0	0	0	— –
Holy-Bible---English---New-Heart-YHWH	587	588	0	0	133	133	0	0	0	0	6778	13614	0	0	0	0	0	3304	8633	70754	35171	3253	3	0	0	1075	0	0	0	0	0	0	0	0	0	0	0	0	0	0	— –
Holy-Bible---English---Noyes	362	362	0	0	193	192	0	0	0	0	504	0	0	0	1002	989	0	1008	9914	38671	14239	2145	3325	0	1	1291	0	0	0	0	0	0	0	0	0	0	0	0	0	0	—
Holy-Bible---English---One-Unity-Resource-Bible	934	938	0	0	8132	8132	0	0	0	0	1290	0	885	3554	3466	2824	0	867	3189	30743	17381	1338	897	0	0	1107	0	71	0	0	0	0	0	6	0	0	0	0	0	0	· —
Holy-Bible---English---Open-English-Bible-Commonwealth	487	487	0	0	0	0	0	0	0	0	0	0	3011	4311	1074	1087	0	664	2825	27768	13471	1492	1030	0	0	735	0	0	1	0	0	0	0	0	0	0	0	0	0	0	–
Holy-Bible---English---Open-English-Bible-US	487	487	0	0	0	0	0	0	0	0	0	0	1072	2501	3013	2897	0	664	2825	27768	13471	1492	1030	0	0	735	0	0	1	0	0	0	0	0	0	0	0	0	0	0	–
Holy-Bible---English---Orthodox-Jewish-Bible	662	665	0	0	24389	24385	0	0	0	0	13552	0	9	9	282	282	0	1908	16385	73242	27595	3303	956	0	0	2228	3	15	17	0	1	0	0	0	0	0	0	0	0	0	—
Holy-Bible---English---Revised-Version	587	587	0	0	4169	4169	0	0	0	0	0	0	0	1986	0	0	0	12054	12203	69630	25712	3222	363	0	0	1240	0	0	0	0	0	0	0	0	0	0	0	0	0	0	—
Holy-Bible---English---Rotherham-Bible	398	399	0	0	1488	1487	0	0	0	0	0	134	1	814	0	0	0	3659	6602	144189	20194	3314	4779	0	0	5645	0	0	39	0	0	0	0	0	0	0	0	0	0	0	—
Holy-Bible---English---STEPBible-Amalgamant	14159	14159	0	0	53733	53733	0	1	0	0	50	0	3	164	0	0	0	456	3718	6499	29082	2822	2158	0	0	4034	0	0	0	0	12	0	0	0	0	0	0	0	17312	0	¿ —
Holy-Bible---English---STEPBible-Concordant	25729	25729	0	0	37606	37606	0	0	0	0	139	0	0	22	0	0	0	59050	0	40	2773	2951	1057	0	42	2700	0	143746	0	2	12	0	0	0	0	0	0	0	17312	0	
Holy-Bible---English---Syriac-Peshitta-Etheridge	1172	1172	0	0	0	0	0	0	0	0	39	12	0	0	0	0	0	825	2475	17717	6608	964	256	0	0	441	0	0	0	0	0	0	0	0	0	0	0	0	0	0	
Holy-Bible---English---Syriac-Peshitta-Murdock	258	259	0	0	3	3	0	0	0	0	138	22	0	0	0	0	0	3089	3423	18000	7271	999	137	0	0	236	0	0	0	0	0	0	0	0	0	0	0	0	0	0	†
Holy-Bible---English---Text-Critical	374	374	0	0	0	0	0	0	0	0	349	0	413	413	2006	1855	0	276	540	14395	8007	1002	335	0	0	111	0	0	0	0	0	0	0	0	0	0	0	0	0	0	—
Holy-Bible---English---Trans-Trans	5841	5838	984	985	62588	62588	0	0	0	0	91	0	1799	5715	6633	6087	0	1682	3803	56317	49563	2194	5180	0	0	2166	0	9203	0	0	0	0	0	0	0	6	0	0	0	0	—
Holy-Bible---English---Twentieth-Century-NT	304	304	0	0	10	10	0	0	0	0	0	0	1261	1942	1941	1929	0	736	2150	16941	7070	985	685	0	0	569	0	0	0	0	0	0	0	0	0	0	0	0	0	0	— –
Holy-Bible---English---Tyndale-Bible	478	479	0	0	0	0	0	0	0	0	0	0	0	0	0	0	0	7011	4	4108	15407	1185	0	0	0	2	0	0	0	0	0	0	0	0	0	0	0	0	0	0	
Holy-Bible---English---Unlocked-Literal-Bible	584	585	0	0	1	1	0	0	0	0	6327	0	0	0	5981	5978	0	1045	4924	54942	39288	3265	1570	0	0	762	0	0	0	0	0	0	0	0	0	0	0	0	0	0	—
Holy-Bible---English---Webster-Bible	657	656	0	0	21352	21352	0	0	0	0	1930	0	0	0	0	0	0	12621	9867	71517	26410	3275	306	0	0	3450	0	0	0	0	0	0	0	0	0	0	0	0	0	0	
Holy-Bible---English---Webster-Bible-Revised	563	565	0	0	0	0	0	0	0	0	4	0	0	1975	0	0	0	12716	10151	70774	26191	3298	313	0	0	15	0	0	0	0	0	0	0	0	0	0	0	0	0	0	
Holy-Bible---English---Weymouth-NT	282	282	0	0	2	2	0	0	0	0	1888	5169	0	0	0	0	0	412	1910	14515	7510	985	298	0	0	2848	0	0	0	0	0	0	0	0	0	0	0	0	0	0	
Holy-Bible---English---World-English-Bible	569	569	0	0	0	0	0	0	0	0	0	0	1979	9406	7857	6391	0	1558	5886	67042	37362	3261	1716	0	0	804	0	0	0	0	0	0	0	0	0	0	0	0	0	0	—
Holy-Bible---English---World-English-Bible-British-Edition	569	569	0	0	0	0	0	0	0	0	0	0	1979	9406	7857	6391	0	1558	5886	67042	37362	3261	1716	0	0	804	0	0	0	0	0	0	0	0	0	0	0	0	0	0	—
Holy-Bible---English---World-English-Bible-Updated	569	569	0	0	0	0	0	0	0	0	0	0	1979	9406	7857	6391	0	1558	5886	67042	37362	3261	1716	0	0	804	0	0	0	0	0	0	0	0	0	0	0	0	0	0	—
Holy-Bible---English---World-Messianic-Bible	569	569	0	0	17	17	0	0	0	0	6	0	1979	9403	7857	6391	0	1558	5886	67042	37362	3261	1716	0	11	853	0	0	0	0	0	0	0	0	0	0	0	0	0	0	—
Holy-Bible---English---World-Messianic-Bible-British-Edition	569	569	0	0	17	17	0	0	0	0	6	0	1979	9403	7857	6391	0	1558	5886	67042	37362	3261	1716	0	11	853	0	0	0	0	0	0	0	0	0	0	0	0	0	0	—
Holy-Bible---English---Worsley-Bible	399	399	0	0	1	1	0	0	0	0	239	434	0	0	0	0	0	2606	1857	17558	5539	1001	51	0	0	596	0	0	0	0	0	0	0	0	0	0	0	0	0	0	
Holy-Bible---English---Wycliffe-Bible	265	265	0	0	0	0	0	0	0	0	2	0	0	0	0	0	0	6	18321	86459	26958	2824	1269	0	5530	218	0	0	0	0	0	0	0	0	0	0	0	0	0	0	
Holy-Bible---English---Youngs-Literal-Translation	730	729	0	0	10391	10391	0	0	0	0	13903	0	0	0	0	0	0	2052	9942	92202	17468	3216	1414	0	0	4032	0	0	0	0	0	0	0	0	0	0	0	0	0	0	—
Holy-Bible---Esperanto---Esperanto-Bible	530	540	0	0	1	2	0	0	0	0	0	0	0	52	0	0	0	9054	14614	71358	26696	2976	802	0	0	964	0	0	0	0	0	0	0	0	0	0	0	0	0	0	—
Holy-Bible---Estonian---Contemporary	238	238	0	0	0	0	0	0	0	0	0	0	0	0	2362	0	2363	1972	234	14125	7242	942	1901	0	0	39	0	0	1	0	0	0	0	0	0	0	0	0	0	0	–
Holy-Bible---Estonian---For-All	134	134	0	0	0	0	0	0	0	0	0	0	0	0	1898	0	1898	1175	143	7839	4872	713	547	0	0	11	0	1	5	0	0	0	0	0	0	0	0	0	0	0	–
Holy-Bible---Etulo---Etulo-Bible	313	313	0	0	7	8	0	0	0	0	0	0	403	393	2232	1821	0	458	565	12270	8776	982	508	0	0	705	0	0	1	0	0	0	0	0	0	0	0	0	0	0	
Holy-Bible---Ewe---Word-of-Life	498	498	0	0	18	18	0	0	0	0	0	0	1694	1404	8125	6137	0	1064	2057	57103	37063	3140	2726	0	0	897	0	0	1	0	0	0	0	0	0	0	0	0	0	0	— –
Holy-Bible---Falam---Falam-Chin-Bible	18	18	0	0	2	1	0	0	0	0	0	0	39	39	284	265	0	16	31	1068	883	127	42	0	0	9	0	0	1	0	0	0	0	0	0	0	0	0	0	0	— –
Holy-Bible---Finnish---Finnish-Bible	784	784	0	0	0	0	0	0	0	0	11	17	0	0	0	0	0	12027	8318	68199	27045	3018	1041	0	0	310	0	0	0	0	0	0	0	0	0	0	0	0	0	0	
Holy-Bible---Finnish---Finnish-Pyha-Raamattu	341	341	0	0	0	0	0	0	0	0	2318	11390	0	0	0	0	0	8982	7008	66246	30115	2674	1186	0	0	2100	0	0	0	0	0	0	0	0	0	0	0	0	0	0	
Holy-Bible---Finnish---Open-Living-News	236	236	0	0	59	59	0	0	0	3698	0	0	0	522	0	0	0	1823	43	11961	10873	884	762	0	0	136	0	0	4	0	0	0	0	0	0	0	0	0	0	0	–
Holy-Bible---Flemish---Flemish-De-Jonge-Bible	220	219	0	0	0	0	0	0	0	0	0	0	19	4	0	1	1	2290	1763	14342	5515	1024	1580	0	0	1	0	0	1	0	0	0	0	0	0	0	0	0	0	0	– —
Holy-Bible---French---Bonnet-Bovet-Bible	438	438	0	0	697	697	0	0	2	3	4	0	0	47935	0	0	0	8837	12269	62876	25890	3023	3995	0	0	9719	0	0	245	0	0	0	0	0	0	0	0	0	0	0	—
Holy-Bible---French---Free-for-the-World	541	540	0	0	0	0	0	0	8193	6526	42742	580	0	3	0	0	0	8067	3990	65340	38061	3300	1655	0	65	8476	0	0	0	0	0	0	0	0	0	0	0	0	0	0	
Holy-Bible---French---French-Crampon-Bible	317	317	0	0	88	88	0	0	5780	5596	20	0	0	41800	10	8	0	9532	11100	67326	27561	2946	3243	0	0	9110	0	0	152	0	0	0	0	0	0	0	0	0	0	0	— –
Holy-Bible---French---French-Crampon-Bible-New	319	319	0	0	512	512	0	0	5768	5599	0	0	0	41871	18	21	0	9532	11130	67279	27752	2940	3240	0	0	9106	0	0	20	0	0	0	0	0	0	0	0	0	0	0	— –
Holy-Bible---French---French-Darby-Bible	620	620	0	0	4604	4604	0	0	245	245	0	0	0	46266	19	19	0	10148	15550	75784	24509	3077	2274	0	0	9352	0	0	213	0	0	0	0	0	0	0	0	0	0	0	–
Holy-Bible---French---French-Khan-Bible	227	226	0	0	0	0	0	0	0	0	34	8158	99	36636	0	0	0	7200	7272	52716	19789	1937	3711	0	2	7309	0	0	107	0	0	0	0	0	0	0	0	0	0	0	— •
Holy-Bible---French---French-LXX	191	191	0	0	26	26	0	0	5	5	31872	0	0	85	0	0	0	6403	13103	50582	21084	2217	481	0	0	7009	0	0	4	0	0	0	0	0	0	0	0	0	0	0	
Holy-Bible---French---French-LXX-TheoTex	196	196	0	0	61	62	0	0	5	5	9	0	0	31788	0	0	0	6386	12946	50337	21033	2216	517	0	0	6963	0	0	3	0	0	0	0	0	0	0	0	0	0	0	—
Holy-Bible---French---French-Louis-Segond-1910-Bible	375	375	0	0	2	2	0	0	0	0	0	0	0	48034	8	8	0	8739	9834	69083	28621	3071	4295	0	0	9289	0	0	154	0	0	0	0	0	0	0	0	0	0	0	— –
Holy-Bible---French---French-Martin	445	447	0	0	9088	9086	0	0	0	0	48950	0	0	367	0	0	0	7493	15715	70412	27936	3255	1178	0	0	10801	0	0	0	0	0	0	0	0	0	0	0	0	0	0	–
Holy-Bible---French---French-Oltramare-Bible	261	261	0	0	21	21	0	0	2263	2140	9729	0	1	465	0	0	0	2687	2348	18415	5954	914	440	0	0	2693	0	0	0	0	0	0	0	0	0	0	0	0	0	0	—
Holy-Bible---French---French-Ostervald-Bible	619	619	0	0	0	0	0	0	0	0	47508	0	0	0	237	17	0	8322	15803	71816	26961	3075	3114	0	0	9756	0	0	0	0	0	0	0	0	0	0	0	0	0	0	
Holy-Bible---French---French-Perret-Gentil-Rilliet	675	675	0	0	484	486	0	0	2464	2393	48045	0	0	0	0	0	0	8990	9541	64659	22709	2962	4651	0	0	9629	0	0	187	0	0	0	0	0	0	0	0	0	0	0	– —
Holy-Bible---French---French-Stapfer-Bible	439	440	0	0	7	7	0	0	2659	2568	9787	0	0	75	0	0	0	2176	2657	15369	6500	906	999	0	0	3036	0	0	0	0	0	0	0	0	0	0	0	0	0	0	—
Holy-Bible---French---French-Synodale-Bible	285	285	0	0	22	23	0	0	381	384	12480	0	0	2	0	0	0	2763	3575	20388	9115	1071	1874	0	0	3433	0	0	0	0	0	0	0	0	0	0	0	0	0	0	—
Holy-Bible---French---Geneva-Bible	367	366	0	0	0	0	0	0	0	0	16	4	0	9079	0	0	0	3754	150	17629	6992	998	45	0	0	2429	0	0	0	0	0	0	0	0	0	0	0	0	0	4	
Holy-Bible---French---Vulgate-Glaire	531	529	0	0	5	4	0	0	0	0	4	0	0	43939	0	0	0	9873	13446	71893	26437	2995	435	0	0	9673	2	0	3	0	0	0	0	0	0	0	0	0	0	0	—
Holy-Bible---Gamit---Gamit-Bible	233	233	0	0	0	0	0	0	0	0	0	0	101	101	1838	1838	0	126	136	16711	7846	810	49	0	0	509	1	0	0	0	0	0	0	0	0	0	0	0	0	0	
Holy-Bible---Gamo---Gamo-Bible	284	284	0	0	9	9	0	0	7917	6277	0	0	0	0	0	0	0	2	0	375	1	3399	3974	0	0	640	0	0	0	0	0	0	0	0	0	0	0	0	0	0	። ፤ ፥ ‹ › ፡
Holy-Bible---Gamo---Gamo-Bible-Latin	284	284	0	0	9	9	0	0	7921	6280	0	0	0	0	0	0	0	49	22299	17631	31536	3400	3976	0	0	641	0	0	0	0	0	0	0	0	0	0	0	0	0	0	‹ ›
Holy-Bible---Gamotso---Gamo	339	336	0	0	1	1	0	0	0	0	1	0	7	7	1500	1368	0	7	526	2126	9701	982	275	0	1	14	0	27	0	0	0	0	0	0	0	0	0	0	0	0	
Holy-Bible---Gata---Gata-Didayi-Bible	202	202	0	0	0	0	0	0	0	0	3	0	43	69	1916	1914	0	131	692	2486	1	925	274	0	0	4	0	0	0	0	0	0	0	0	0	0	0	0	0	0	।
Holy-Bible---Gayil---Gayl-Bible	214	214	0	0	9	9	0	0	0	0	0	0	270	267	2206	2065	0	2	0	8	2	1025	1181	0	0	1	0	0	0	0	0	0	0	0	0	0	0	0	0	0	። ፥ ፤ ፦
Holy-Bible---Geji---Geji-Bible	145	145	0	0	0	0	0	0	0	0	570	0	335	335	1795	1449	0	6	5	8914	7102	856	235	0	0	173	0	0	0	0	0	0	0	0	0	0	0	0	0	0	
Holy-Bible---German---German-Albrecht	1005	1003	0	0	1	0	0	0	0	0	817	3739	0	0	0	0	0	3554	1262	17994	10275	1137	2654	0	0	51	0	3328	0	0	0	0	0	0	0	0	0	0	0	0	—
Holy-Bible---German---German-Elberfelder-1871	343	343	0	0	10237	10232	0	0	0	0	0	1077	0	0	0	0	0	10828	14465	73416	38916	3016	3928	0	0	2338	20	0	0	0	0	0	0	0	0	0	0	0	0	0	
Holy-Bible---German---German-Elberfelder-1905	573	573	0	0	319	319	0	0	0	0	267	0	0	0	399	400	0	10077	13209	70266	25467	2979	3871	0	0	1612	0	0	0	0	0	0	0	0	0	0	0	0	0	0	
Holy-Bible---German---German-Katholiche-Riessler	360	360	0	0	0	0	0	0	0	0	4351	12994	0	0	0	0	0	8465	5021	57107	34010	3100	9854	0	3	1265	0	0	0	0	0	0	0	0	0	0	0	0	0	0	
Holy-Bible---German---German-Kautzsch-Weizsacker	426	426	0	0	0	0	0	0	0	0	727	0	0	0	406	314	0	9561	6683	68855	24686	2797	5597	0	0	2730	0	0	0	0	0	0	0	0	0	0	0	0	0	0	
Holy-Bible---German---German-Luther-Bible-1545	597	596	0	0	0	5	0	0	3	2	1659	0	0	0	0	0	0	7901	9730	62995	27466	2729	2410	0	0	455	0	0	0	0	0	0	0	0	0	0	0	0	0	0	
Holy-Bible---German---German-Luther-Bible-1912	607	607	0	0	0	0	0	0	0	0	2060	0	1	1	535	536	0	8507	10343	63171	27184	2859	2447	0	0	676	0	0	0	0	0	0	0	0	0	0	0	0	0	0	
Holy-Bible---German---German-Menge	3874	3874	0	0	144	144	0	0	6705	6706	0	0	0	362	0	0	0	11578	9711	65651	19482	2812	7921	0	0	734	20	0	7	0	0	0	0	0	0	0	0	0	0	0	– › ‹
Holy-Bible---German---German-Reinhardt-Bible	154	154	0	0	0	0	0	0	0	0	0	166	0	0	0	0	0	1710	704	9700	3181	603	471	0	0	77	0	0	0	0	0	0	0	0	0	0	0	0	0	0	
Holy-Bible---German---German-Schlachter	571	569	0	0	654	655	0	0	871	868	155	0	1	1	0	0	0	8590	10845	66966	21295	3014	8258	0	6	555	0	0	0	0	0	0	0	0	0	0	0	0	0	0	
Holy-Bible---German---German-Tafel-Bible	319	319	0	0	8	12	0	0	0	0	1	0	0	0	0	0	0	7475	6020	60965	25153	2425	1732	0	1	573	0	0	0	0	0	0	0	0	0	0	0	0	0	0	
Holy-Bible---German---Open-Bible	12543	12536	1683	1682	5113	5112	0	0	164	164	314	0	0	9	952	0	951	2848	853	18558	7681	1136	1227	0	4	345	278	228	31	0	0	0	0	0	0	0	0	0	0	0	— – ― †
Holy-Bible---German---Zurich-Bible	2248	2250	0	0	38	38	0	0	0	0	281	2912	0	0	0	0	0	9046	8235	67424	26436	2937	4373	0	0	2063	0	1	0	0	0	0	0	0	0	0	0	0	0	0	
Holy-Bible---Ghanongga---Kubokota-Adapt-Bible	314	314	0	0	0	0	0	0	0	0	4	0	364	364	1902	1902	0	305	113	13286	10505	877	1210	0	0	10	0	0	0	0	0	0	0	0	0	0	0	0	0	0	
Holy-Bible---Gikuyu---Kikuyu	615	615	0	0	0	0	0	0	0	0	0	0	1831	1421	8026	6061	0	2516	5770	63312	34177	3244	1750	0	0	19199	0	0	5	0	0	0	0	0	0	0	0	0	0	0	‑
Holy-Bible---Glavda---Glavda-Bible	103	103	0	0	5	5	0	0	0	0	2	0	196	196	1285	1099	0	2	1	8196	4709	701	208	0	0	185	0	0	0	0	0	0	0	0	0	0	0	0	0	0	
Holy-Bible---Gofa---Gofa-Bible	211	211	0	0	10	10	0	0	0	0	0	0	413	414	2282	1930	0	76	1397	9006	10615	1045	173	0	0	4	0	0	0	0	0	0	0	0	0	0	0	0	0	0	
Holy-Bible---Gofa---Gofa-Bible-Ethiopian	321	321	0	0	11	11	0	0	0	0	0	0	1246	1241	7449	6371	0	16	0	219	76	3328	1004	0	0	407	0	0	0	0	0	0	0	0	0	0	0	0	0	0	። ፥ ፤ ፦ ፣
Holy-Bible---Gofa---Gofa-Bible-Latin	321	321	0	0	11	11	0	0	0	0	0	0	1246	1241	7451	6373	0	426	13605	36897	40591	3328	1009	0	0	406	0	0	0	0	0	0	0	0	0	0	0	0	0	0	
Holy-Bible---Gourma---Gourma-Bible	212	212	0	0	1	1	0	0	36	35	205	0	0	0	382	379	0	1941	199	10402	9475	914	77	0	4	158	2	0	0	0	0	0	0	0	0	0	0	0	0	0	
Holy-Bible---Gourmantche---Gourmantche-Bible	328	325	0	0	2	1	0	0	453	326	1004	0	0	0	707	501	0	1403	473	11776	9125	882	208	0	0	112	0	2	0	0	0	0	0	0	0	0	0	0	0	0	
Holy-Bible---Gowlan---Gowlan-Bible	201	201	0	0	0	0	0	0	0	0	0	0	48	48	1561	1453	0	35	69	9123	10341	928	165	0	0	313	0	0	0	0	0	0	0	0	0	0	0	0	0	0	
Holy-Bible---Gowli---Gawli-Bible	214	215	0	0	0	0	0	0	0	0	0	0	150	132	1627	1114	0	152	710	4065	11291	932	352	0	0	2	0	0	0	0	0	0	0	0	0	0	0	0	0	0	
Holy-Bible---Greek---Greek-Antoniades	202	202	0	0	212	212	0	0	0	0	0	0	0	0	0	0	0	2	0	8	1	0	0	0	0	1	0	0	0	0	0	0	0	0	0	0	0	0	0	0	
Holy-Bible---Greek---Greek-Byzantine	202	202	0	0	206	206	0	0	1	1	0	0	0	0	0	0	0	2	978	10229	5672	0	58	0	0	1	0	0	0	0	0	0	0	0	0	0	0	0	0	0	· — ⟦ ⟧
Holy-Bible---Greek---Greek-Byzantine-Majority	202	202	0	0	151	151	0	0	0	0	0	0	0	0	0	0	0	2	0	8	1	0	0	0	0	1	0	0	0	0	0	0	0	0	0	0	0	0	0	0	
Holy-Bible---Greek---Greek-LXX-Septuagint	63	63	0	0	0	0	0	0	0	0	0	0	0	3636	0	0	0	0	0	0	0	0	0	0	0	0	0	0	0	0	0	0	0	23	0	0	0	0	0	0	‐
Holy-Bible---Greek---Greek-Majority-Text	202	202	0	0	0	0	0	0	0	0	0	0	0	0	0	0	0	2	0	8	1	0	0	0	0	1	0	0	0	0	0	0	0	0	0	0	0	0	0	0	
Holy-Bible---Greek---Greek-Modern-Kathareuousa	266	266	0	0	0	0	0	0	113	113	5507	4	0	0	0	0	0	2	3273	55157	24662	0	0	0	0	666	0	0	0	0	0	0	0	0	0	0	0	0	0	0	·
Holy-Bible---Greek---Greek-Nestle	209	209	0	0	13	13	0	0	0	0	1	0	0	1220	0	0	0	2	971	9470	5716	0	0	0	0	1	0	0	0	0	0	0	0	0	0	0	0	0	0	0	· —
Holy-Bible---Greek---Greek-Pickering-Family-35	202	202	0	0	0	0	0	0	0	0	0	0	0	0	0	0	0	2	0	8	2	0	0	0	0	1	0	0	0	0	0	0	0	0	0	0	0	0	0	0	
Holy-Bible---Greek---Greek-SBL	224	223	0	0	6	3	0	0	0	0	0	0	0	0	0	0	0	2	927	8556	4989	0	0	0	0	1	0	0	0	0	0	0	0	0	0	0	0	0	0	0	⸂ ⸀ ⸃ · ⸁ — ⸄ ⸅ ⟦ ⟧
Holy-Bible---Greek---Greek-STEPBible	10958	10958	0	0	0	0	0	0	0	0	0	0	0	0	0	0	0	2	0	7237	6130	0	0	0	0	1	0	0	0	0	0	0	0	0	0	0	0	0	14212	0	· ;
Holy-Bible---Greek---Greek-Scrivener	202	202	0	0	0	0	0	0	0	0	0	0	0	0	0	0	0	2	0	8	1	0	0	0	0	1	0	0	0	0	0	0	0	0	0	0	0	0	0	0	
Holy-Bible---Greek---Greek-Statistical-Restoration	262	262	0	0	0	0	0	0	0	0	0	0	485	485	1905	1905	0	166	983	19343	6598	0	252	0	0	0	0	0	5	0	0	0	0	0	0	0	0	0	0	0	· –
Holy-Bible---Greek---Greek-Stephanus	202	202	0	0	14	14	0	0	0	0	0	0	0	0	0	0	0	2	0	8	1	0	0	0	0	1	0	0	0	0	0	0	0	0	0	0	0	0	0	0	
Holy-Bible---Greek---Greek-TR-Stephanus-Scrivener	202	202	0	0	14	14	0	0	0	0	0	0	0	0	0	0	0	2	0	8	1	0	0	0	0	1	0	0	0	0	0	0	0	0	0	0	0	0	0	0	
Holy-Bible---Greek---Greek-Textus-Receptus	202	202	370	370	14	14	0	0	0	0	0	0	0	0	0	0	0	372	0	8	1	0	0	0	0	1	0	0	0	0	0	0	0	0	0	0	0	0	0	0	
Holy-Bible---Greek---Greek-Textus-Receptus-Boyd	202	202	0	0	0	0	0	0	0	0	0	0	0	0	0	0	0	2	1006	15402	6234	0	0	0	0	1	0	0	0	0	0	0	0	0	0	0	0	0	0	0	· —
Holy-Bible---Greek---Greek-Textus-Receptus-Elzevir	202	202	0	0	14	14	0	0	0	0	0	0	0	0	0	0	0	2	0	8	1	0	0	0	0	1	0	0	0	0	0	0	0	0	0	0	0	0	0	0	
Holy-Bible---Greek---Greek-Tischendorf	201	201	0	0	6	6	0	0	0	0	0	0	0	1219	0	0	0	2	974	9895	5693	0	0	0	0	1	0	0	0	0	0	0	0	0	0	0	0	0	0	0	·
Holy-Bible---Greek---Greek-Tregelles	269	269	0	0	481	481	0	0	0	0	0	0	0	0	0	0	0	2	1019	13085	5614	0	0	0	0	1	0	0	0	0	0	0	0	0	0	0	0	0	0	0	·
Holy-Bible---Greek---Greek-Westcott-Hort	230	230	2310	2310	896	898	0	0	0	0	0	0	0	0	0	0	0	2312	0	8	1	0	0	0	0	1	0	0	0	0	0	0	0	0	0	0	0	0	0	0	
Holy-Bible---Greek---Text-Critical	202	202	0	0	0	0	0	0	0	0	0	0	0	0	0	0	0	2	1005	14648	6252	0	0	0	0	1	0	0	0	0	0	0	0	0	0	0	0	0	0	0	· —
Holy-Bible---Guduf-Gava---Guduf-Gava-Bible	45	44	0	0	2	3	0	0	0	0	0	0	136	136	711	582	0	2	3	3749	2775	330	0	0	0	1	0	0	0	0	0	0	0	0	0	0	0	0	0	0	
Holy-Bible---Gujarati---Gujarati-Bible	442	442	0	0	0	0	0	0	0	0	0	0	2415	2331	4552	5548	0	843	7128	37934	38883	3377	955	0	0	629	0	0	0	0	0	0	0	0	0	0	0	0	0	0	
Holy-Bible---Gujii---Guji-Oromo-Bible	267	267	0	0	34	34	0	0	7988	6533	50479	0	0	0	0	0	0	874	15979	46674	32680	3294	2949	0	0	1497	0	0	0	0	0	0	0	0	0	0	0	0	0	0	‹ ›
Holy-Bible---Haitian---Haitian-Creole-Bible	1155	1154	0	0	0	0	0	0	0	0	47660	0	0	0	1	1	0	8332	353	63278	57281	2875	4253	0	0	3593	0	12	0	0	0	0	0	0	0	8	0	0	0	0	—
Holy-Bible---Haitian---Haitian-Creole-Smith	877	876	0	0	0	0	0	0	0	0	8	0	1894	1540	8409	6406	0	7885	4968	66603	40146	3210	1831	0	0	2431	0	0	0	0	0	0	0	0	0	0	0	0	0	0	—
Holy-Bible---Halbi---Halbi-Bible	380	375	0	0	0	0	0	0	0	0	0	0	122	122	1824	1780	0	351	1498	10932	1	953	256	0	0	578	0	0	0	0	0	0	0	0	0	0	0	0	0	0	।
Holy-Bible---Haryanvi---Haryanvi-Bible	325	325	0	0	0	0	0	0	0	0	0	0	198	198	2081	2052	0	161	275	16441	1	913	249	0	0	1623	0	0	0	0	0	0	0	0	0	0	0	0	0	0	।
Holy-Bible---Hausa---Contemporary	674	674	0	0	0	0	0	0	0	0	0	0	1836	18892	8093	6114	0	4	4987	58987	35956	3156	1681	0	0	1437	0	0	0	0	0	0	0	0	0	0	0	0	0	0	
Holy-Bible---Hausa---Hausa-Bible	275	276	0	0	14	14	0	0	0	0	5409	0	0	0	1532	1483	0	135	283	14249	9695	1012	260	0	2	230	0	0	0	0	0	0	0	0	0	0	0	0	0	0	—
Holy-Bible---Havu---Havu-Bible	20	20	0	0	8	8	0	0	656	603	3780	0	0	0	5	5	0	801	76	3171	2832	231	267	0	0	79	0	0	0	0	0	0	0	0	0	0	0	0	0	0	‹ ›
Holy-Bible---Hawaiian---Hawaiian-Bible-1868	507	510	0	0	39	39	0	0	0	0	12264	0	0	0	0	0	0	4880	14013	92589	28187	3282	427	0	0	234	0	0	0	0	0	0	0	0	0	0	0	0	0	0	
Holy-Bible---Hebrew---Hebrew-Aleppo-Codex	1109	1109	0	0	0	9	0	0	0	0	0	0	0	0	0	0	0	0	0	0	0	0	0	0	0	20486	0	0	0	0	0	0	0	0	0	0	0	0	0	0	
Holy-Bible---Hebrew---Hebrew-Aleppo-Miqra-Mesorah	1116	1116	0	0	1053	1053	0	0	0	0	0	0	0	0	0	0	0	0	0	0	0	0	0	0	0	0	0	0	0	0	0	0	0	0	0	0	0	0	0	0	׃ ־ ׀ ׆
Holy-Bible---Hebrew---Hebrew-Masoretic-OT	1329	1329	0	0	0	0	0	0	0	0	0	0	0	0	0	0	0	1	0	0	0	0	0	0	0	0	0	0	0	0	0	0	0	0	0	0	0	0	0	0	׃ ־ ׀ ׆
Holy-Bible---Hebrew---Hebrew-STEPBible	64	64	0	0	0	0	0	0	0	0	0	0	0	0	0	0	0	0	0	0	0	0	0	0	0	0	0	0	0	0	0	0	0	0	0	0	0	0	0	0	׃ ־ ׀ ׆
Holy-Bible---Hebrew---Hebrew-Westminster-Leningrad	64	64	0	0	0	0	0	0	0	0	0	0	0	0	0	0	0	0	0	0	0	0	0	0	0	0	0	0	0	0	0	0	0	0	0	0	0	0	0	0	׃ ־ ׀ ׆
Holy-Bible---Hebrew---Hebrew-Westminster-Leningrad-Kimball	64	64	0	0	0	0	0	0	0	0	0	0	0	0	0	0	0	0	0	0	0	0	0	0	0	0	0	0	0	0	0	0	0	0	0	0	0	0	0	0	׃ ־ ׀
Holy-Bible---Hebrew---Living-Bible	394	399	0	0	0	0	0	0	0	0	0	0	320	320	2209	2593	0	1489	637	10223	8229	1006	1366	0	0	1	0	0	17	0	0	0	0	0	0	0	0	0	0	0	־ ׳ – ״
Holy-Bible---Hebrew---Modern-Hebrew-Bible	271	271	0	0	5	5	0	0	0	0	0	0	0	0	0	0	0	7	0	12	1	0	0	0	0	1	0	0	0	0	0	0	0	0	0	0	0	0	0	0	׃
Holy-Bible---Hebrew---Salkinson-Hebrew-Bible	201	201	0	0	0	0	0	0	0	0	0	0	0	0	0	0	0	2	0	8	1	0	0	0	0	1	0	0	0	0	0	0	0	0	0	0	0	0	0	0	־ ׃
Holy-Bible---Hebrew---Westminster-Leningrad-Philadelphia	64	64	0	0	0	0	0	0	0	0	0	0	0	0	0	0	0	0	0	0	0	0	0	0	0	0	0	0	0	0	0	0	0	0	0	0	0	0	0	0	׃ ־ ׀ ׆
Holy-Bible---Hindi---Contemporary	469	469	0	0	17	17	0	0	0	0	0	0	1753	1353	7994	6063	0	2539	5788	46816	36485	3120	2176	0	0	4351	0	0	0	0	0	0	0	0	0	0	0	0	0	0	—
Holy-Bible---Hindi---Hindi-Bible	464	464	0	0	7	7	0	0	0	0	0	0	1103	1074	6711	5535	0	979	11416	52375	2	3265	1261	0	0	5097	0	0	0	0	0	0	0	0	0	0	0	0	0	0	। — –
Holy-Bible---Hona---Hwana-Bible	240	240	0	0	0	0	0	0	0	0	0	0	322	322	2160	2092	0	61	96	13401	9840	984	497	0	0	106	0	0	0	0	0	0	0	0	0	0	0	0	0	0	
Holy-Bible---Hre---Hre-Bible	283	283	0	0	0	0	0	0	0	0	0	0	0	0	1049	863	0	2423	426	16062	7100	962	652	0	0	489	0	0	6	0	0	0	0	0	0	0	0	0	0	0	–
Holy-Bible---Hruso---Hrusso-Angka-Bible	18	18	0	0	2	2	0	0	0	0	0	0	95	95	400	381	0	76	254	2050	1051	161	36	0	0	376	0	0	0	0	0	0	0	0	0	0	0	0	0	0	
Holy-Bible---Hungarian---Hungarian-Jewish-Bible	180	180	0	0	6	6	0	0	0	0	0	0	1	1	1	0	0	7032	7512	51873	19213	1502	1901	0	0	1846	0	0	1	0	0	0	0	0	0	0	0	0	0	0	– —
Holy-Bible---Hungarian---Hungarian-Karoli	561	560	0	0	0	0	0	0	0	0	0	0	0	0	0	14	14	10659	10482	74204	25831	3106	3525	0	4	2468	0	0	0	0	0	0	0	0	0	0	0	0	0	0	–
Holy-Bible---Hungarian---Magyar-Bible	254	254	0	0	0	0	0	0	103	103	0	0	0	0	1717	0	1760	2510	271	19976	7033	979	601	0	0	330	0	0	0	0	0	0	0	0	0	0	0	0	0	0	–
Holy-Bible---Icelandic---Open-Living-Word	361	361	0	0	0	0	0	0	0	0	0	0	0	0	2461	0	2468	1674	33	12764	12309	1130	1846	0	0	30	0	0	7	0	0	0	0	0	0	0	0	0	0	0	– ‑
Holy-Bible---Igbo---Igbo-Bible	554	554	0	0	0	0	0	0	0	0	0	0	1775	1373	8027	6071	0	790	2394	66397	44109	3292	991	0	0	33374	0	0	0	0	0	0	0	0	0	0	0	0	0	0	
Holy-Bible---Ikizu---Ikizu-Bible	201	201	0	0	33	34	0	0	0	0	0	0	385	385	2310	1900	0	31	0	18437	11026	971	933	0	0	1	0	0	0	0	0	0	0	0	0	0	0	0	0	0	‑
Holy-Bible---Ilocano---Ilocano-Bible	568	570	0	0	2	3	0	0	0	0	2915	11	77	79	6035	5752	0	1062	5039	53231	39057	3243	1945	0	3	9493	0	7	0	0	0	0	0	0	0	0	0	0	0	0	— –
Holy-Bible---Ilonggo---Hiligaynon-Free-Bible	1136	1136	0	0	7463	7454	0	0	0	0	0	0	871	819	6938	5551	0	1333	1270	41319	45182	2473	1396	0	0	14926	0	0	0	0	0	0	0	0	0	0	0	0	0	0	—
Holy-Bible---Indonesian---Bahasa-Indonesia-Sehari-hari	551	552	0	0	0	0	0	0	0	0	1738	12377	0	0	0	0	0	1351	3406	46349	42475	2566	3500	0	0	27589	0	3	0	0	0	0	0	0	0	0	0	0	0	0	
Holy-Bible---Indonesian---For-All	301	301	0	0	0	0	0	0	0	0	0	0	393	393	2070	2070	0	242	112	12355	9597	949	939	0	0	5434	0	0	3	0	0	0	0	0	0	0	0	0	0	0	—
Holy-Bible---Indonesian---New-Indonesian-Translation	390	390	0	0	0	0	0	0	0	0	16	11919	0	0	0	0	0	8801	6090	56295	29229	2963	3044	0	0	30562	0	0	0	0	0	0	0	0	0	0	0	0	0	0	
Holy-Bible---Indonesian---Simple	490	490	0	0	0	0	0	0	0	0	0	0	1021	1018	6043	5150	0	1034	27	37860	33142	1300	3844	0	0	16169	0	0	1	0	0	0	0	0	0	1	0	0	0	0	—
Holy-Bible---Irish---Odomhnuill-Modern	26	26	0	0	0	0	0	0	0	0	3	0	0	0	0	0	0	315	262	2517	901	161	27	0	0	5	0	0	1	0	0	0	0	0	0	0	0	0	0	0	
Holy-Bible---Isanzu---Isanzu-Bible	289	288	0	0	3	3	0	0	0	0	7817	0	0	1	1241	1210	0	65	387	11930	9353	963	197	0	0	156	0	0	0	0	0	0	0	0	0	0	0	0	0	0	—
Holy-Bible---Italian---Conferenza-Episcopale-Italiana	283	282	0	0	0	4	0	0	5579	5578	12310	51	0	1	0	0	0	10259	7276	47530	30255	3008	2041	0	0	1180	0	0	0	0	0	0	0	0	0	0	0	0	0	0	
Holy-Bible---Italian---Italian-Giovanni-Diodati-Bible	589	589	0	0	22564	22564	0	0	0	0	27044	0	0	0	0	0	0	8193	22407	79741	28003	3378	680	0	0	527	0	0	2	0	0	0	0	0	0	0	0	0	0	0	—
Holy-Bible---Italian---Italian-Riveduta-Bible	480	480	0	0	0	0	0	0	0	0	0	0	0	33992	3978	3935	0	9055	13931	64443	25597	3201	2831	0	0	625	0	0	70	0	0	0	0	0	0	0	0	0	0	0	
Holy-Bible---Janji---Janji-Bible	272	271	0	0	3	2	0	0	0	0	1250	0	0	0	988	955	0	31	126	11526	8785	803	146	0	0	393	0	2	0	0	0	0	0	0	0	0	0	0	0	0	
Holy-Bible---Japanese---Japanese-Bungo-yaku	468	468	0	1	15	16	0	0	0	0	0	0	0	0	0	0	0	2	0	8	2	0	0	0	0	3	0	0	4	0	0	2	0	0	0	0	0	0	0	0	、 。 ／ 〔 〕 （ ） ・ 『 』 「 」 ― ［ ］
Holy-Bible---Japanese---Japanese-Electronic-Network-Bible	120	120	0	0	0	0	0	0	0	0	0	0	0	0	0	0	0	2	0	6	1	0	0	0	0	1	0	0	2	0	0	0	0	0	0	0	0	0	0	0	， ・ 。 「 」 『 』 ！ （ ） ―
Holy-Bible---Japanese---Japanese-Kougo-yaku	338	338	0	0	4	0	0	0	0	0	0	0	0	0	0	0	0	2	0	8	1	0	0	0	0	1	0	0	4	0	0	0	0	0	0	0	0	0	0	0	。 、 「 」 ・ 『 』 （ ） ― 〔 〕
Holy-Bible---Japanese---Japanese-Meiji-yaku	146	146	0	0	0	0	0	0	0	0	0	0	0	0	0	0	0	0	0	0	0	0	0	0	0	0	0	0	0	0	0	0	0	0	0	0	0	0	0	0	、 （ ） 。 〔 〕 ［ ］ 「 」 ・ 『 』
Holy-Bible---Japanese---Japanese-Raguet-yaku	203	203	0	0	459	458	0	0	0	0	0	0	0	0	0	0	0	2	0	7	1	0	0	0	1	1	0	0	0	0	0	1	0	0	0	0	0	0	0	0	、 。 「 」 ― （ ）
Holy-Bible---Japanese---New-Japanese-New-Testament	201	201	0	0	0	0	0	0	0	0	0	0	0	0	0	0	0	2	0	8	1	0	0	0	0	1	0	0	0	0	0	0	0	0	0	0	0	0	0	0	、 ・ 。 「 」 （ ） 『 』 ［ ］ ―
Holy-Bible---Jumjum---Jumjum-Bible	26	26	0	0	0	0	0	0	0	0	536	0	170	170	983	802	0	0	0	4416	3087	314	135	0	0	0	0	0	0	0	0	0	0	0	0	0	0	0	0	0	
Holy-Bible---Juray---Juray-Bible	202	202	0	0	0	0	0	0	0	0	0	0	342	342	2121	2121	0	2	1143	15187	2	990	99	0	0	1	0	0	0	0	0	0	0	0	0	0	0	0	0	0	।
Holy-Bible---Kamano---Kamano-Kafe	1395	1394	0	0	19	19	0	0	0	0	222453	0	0	0	0	0	0	471	0	56600	42390	2368	638	0	0	1465	0	2	0	0	0	0	0	0	0	0	0	0	0	0	
Holy-Bible---Kannada---Indian-Revised-Version	466	466	0	0	0	0	0	0	0	0	0	0	1328	1160	6779	6107	0	317	6779	35726	38520	3123	666	0	0	140	0	0	0	0	0	0	0	0	0	0	0	0	0	0	
Holy-Bible---Kannada---Open-Contemporary	265	265	0	0	0	0	0	0	0	0	0	0	1757	1355	7945	6104	0	1570	3544	43207	45920	3464	695	0	0	1	0	0	0	0	0	0	0	0	0	0	0	0	0	0	
Holy-Bible---Kannada---Siddi-Bible	201	201	0	0	0	0	0	0	0	0	4	39	9	9	1882	1872	0	112	591	11298	9247	979	939	0	0	368	0	0	0	0	0	0	0	0	0	0	0	0	0	0	
Holy-Bible---Kapin---Kapin-Bible	140	140	0	0	9	9	0	0	0	0	0	0	389	388	2043	1638	0	184	1	7802	6266	718	319	0	0	4	0	0	0	0	0	0	0	0	0	0	0	0	0	0	
Holy-Bible---Kara---Kara-Bible	310	309	0	0	1	1	0	0	0	0	638	0	0	0	1332	2003	0	151	338	12184	9465	1000	255	0	0	320	0	4	0	0	0	0	0	0	0	0	0	0	0	0	—
Holy-Bible---Kiche---Totonicapan	247	247	0	0	0	0	0	0	0	0	0	0	1	1	229	229	0	2090	63	12197	9470	937	159	0	0	1	0	18	0	0	0	0	0	0	0	0	0	0	0	0	¿ ¡
Holy-Bible---Kinga---Mahanji-Bible	343	342	0	0	0	0	0	0	0	0	1545	1	0	1	1665	1599	0	131	290	10664	9003	972	238	0	7	157	0	0	0	0	0	0	0	0	0	0	0	0	0	0	—
Holy-Bible---Kisi---Kisi-Bible	284	283	0	0	1	1	0	0	0	0	9733	0	0	0	1761	1713	0	169	345	11896	9525	1014	285	0	39	131	0	1	0	0	0	0	0	0	0	0	0	0	0	0	—
Holy-Bible---Kituba---Kituba-Bible	337	337	0	0	25	25	0	0	6978	6709	0	0	0	0	902	880	0	8628	14	59366	50610	3045	3434	0	0	7998	0	0	0	0	0	0	0	0	0	0	0	0	0	0	–
Holy-Bible---Kizalamo---Zaramo-Kizalamo-Bible	205	205	0	0	0	0	0	0	0	0	5545	0	497	497	3040	2651	0	2	0	20547	12088	1193	941	0	0	54	0	0	0	0	0	0	0	0	0	0	0	0	0	0	
Holy-Bible---Koda---Koda-Bible	252	233	0	0	0	0	0	0	0	0	72	85	0	0	0	0	0	147	499	6241	66	438	33	0	0	616	0	1461	0	0	0	0	0	0	0	0	0	0	0	0	।
Holy-Bible---Kolami-Southeastern---Kolami-Bible	201	201	0	0	0	0	0	0	0	0	0	0	35	35	966	963	0	24	105	5791	12895	936	524	0	0	3	0	0	0	0	0	0	0	0	0	0	0	0	0	0	
Holy-Bible---Konda-Dora---Konda-Porja-Bible	198	198	0	0	0	0	0	0	0	0	0	0	12	12	1803	1750	0	108	1027	12065	1	944	271	0	0	2	0	0	0	0	0	0	0	0	0	0	0	0	0	0	।
Holy-Bible---Korean---Korean-1910	644	643	0	0	10	10	0	0	0	0	3195	0	0	0	0	0	0	2	0	5535	81	1652	1814	0	3207	1	0	0	0	0	0	0	0	0	0	0	0	0	0	0	
Holy-Bible---Korean---Korean-RV	646	645	0	0	10	10	0	0	0	0	3977	0	0	0	0	0	0	2	0	5535	81	1454	1803	0	3199	1	0	0	0	0	0	0	0	0	0	0	0	0	0	0	
Holy-Bible---Korean---Korean-Revised-Version	422	421	0	0	5	5	0	0	0	0	0	0	0	0	0	0	0	2	0	1124	9	0	0	0	0	1	0	0	0	0	0	0	0	0	0	0	0	0	0	0	
Holy-Bible---Kosraean---Kosraean-Bible	631	631	0	0	210	210	0	0	0	0	0	0	820	811	7063	5762	0	1543	2588	55144	39283	2687	3000	0	0	86	0	0	1	0	0	0	0	0	0	0	0	0	0	0	—
Holy-Bible---Koya---Koya-Bible	201	201	0	0	0	0	0	0	0	0	0	0	118	118	1933	1933	0	3	1001	11156	1	932	279	0	0	7	0	0	0	0	0	0	0	0	0	0	0	0	0	0	।
Holy-Bible---Kuhane---Kuhane-Bible	272	271	0	0	0	0	0	0	0	0	590	1	0	0	1781	1752	0	190	411	13543	9612	998	238	0	0	177	0	0	0	0	0	0	0	0	0	0	0	0	0	0	—
Holy-Bible---Kurama---Kurama-Akurumi-Bible	36	36	0	0	0	0	0	0	0	0	0	0	5	5	69	69	0	1	0	1705	859	55	3	0	0	563	0	0	0	0	0	0	0	0	0	0	0	0	0	0	
Holy-Bible---Kurdish---Sorani-Bible	297	297	0	0	21	21	0	0	7818	5892	0	0	82	82	1355	1756	0	8151	0	8	30549	0	1706	0	0	1	0	0	7	0	0	0	0	0	0	0	0	0	0	0	، ؟ ؛ ﴿ ﴾
Holy-Bible---Kutu---Kutu-Bible	201	201	0	0	1	1	0	0	0	0	3739	0	373	373	2162	1953	0	2	0	12837	8852	949	1094	0	0	1	0	0	0	0	0	0	0	0	0	0	0	0	0	0	
Holy-Bible---Kuturmi---Kuturmi-Bible	28	28	0	0	7	6	0	0	0	0	0	0	122	122	468	348	0	54	38	1651	1247	161	84	0	0	4	0	0	0	0	0	0	0	0	0	0	0	0	0	0	
Holy-Bible---Kuvi---Kuvi-Bible	206	206	0	0	0	0	0	0	0	0	0	0	117	117	1970	1970	0	2	1658	11865	4	907	170	0	0	3	0	0	0	0	0	0	0	0	0	0	0	0	0	0	।
Holy-Bible---Latin---Clementine-Vulgate-1598	481	481	0	0	750	749	0	0	0	0	0	0	0	0	0	0	0	21651	2976	65105	26767	3021	213	0	0	10	0	0	0	0	0	0	0	0	0	0	0	0	0	0	
Holy-Bible---Latin---Clementine-Vulgate-Conte	488	488	0	0	0	0	0	0	0	0	0	0	0	0	0	0	0	25883	129	66114	27535	3001	60	0	0	8	0	0	0	0	0	0	0	0	0	0	0	0	0	0	
Holy-Bible---Latin---Clementine-Vulgate-Hetzenauer	490	490	0	0	0	0	0	0	0	0	0	0	0	0	0	0	0	25782	116	65961	27632	3008	28	0	0	3	0	0	0	0	0	0	0	0	0	0	0	0	0	0	
Holy-Bible---Latin---Clementine-Vulgate-Tweedale	481	481	0	0	0	0	0	0	0	0	0	0	0	0	0	0	0	21649	2975	65101	26767	3021	213	0	0	9	0	0	0	0	0	0	0	0	0	0	0	0	0	0	
Holy-Bible---Latin---Vulgata-Sistina	490	490	0	0	0	0	0	0	0	0	0	0	0	0	0	0	0	25794	119	65979	27631	3001	31	0	0	3	0	0	0	0	0	0	0	0	0	0	0	0	0	0	
Holy-Bible---Latin---Vulgate-Jerome	269	269	0	0	1	1	0	0	0	0	0	0	0	0	0	0	0	2	40	9	1	0	0	0	0	1	0	0	0	0	0	0	0	0	0	0	0	0	0	0	
Holy-Bible---Latvian---Latvian-Gluck-Bible	1301	1300	0	0	0	0	0	0	0	0	31	0	3	0	1750	1687	64	8437	5610	71332	27941	2875	1343	0	0	1141	0	0	0	0	0	0	0	0	0	0	0	0	0	0	
Holy-Bible---Lingala---Lingala-Bible	300	301	0	0	22	22	0	0	3490	3490	0	0	72	815	0	0	0	10002	8603	57681	32178	3260	4006	0	0	3781	0	0	3	0	0	0	0	0	0	0	0	0	0	0	— ‹ ›
Holy-Bible---Lithuanian---Believers-Heritage	138	138	0	0	1068	1068	0	0	0	0	0	0	13	0	452	0	477	623	209	5994	2012	298	250	0	0	3	0	0	0	0	0	0	0	0	0	0	0	0	0	0	– ‚
Holy-Bible---Lithuanian---Open-Lithuanian-Bible	54	54	0	0	0	0	0	0	0	0	0	0	0	0	653	0	675	534	18	4166	2392	225	394	0	0	0	0	0	1	0	0	0	0	0	0	0	0	0	0	0	–
Holy-Bible---Lodhi---Lodhi-Bible	216	216	0	0	0	0	0	0	0	0	0	0	449	449	3704	3366	0	874	4517	23025	2	1433	405	0	0	690	0	0	0	0	0	0	0	0	0	0	0	0	0	0	। –
Holy-Bible---Luganda---Luganda-Bible	312	312	0	0	0	0	0	0	0	0	0	0	1517	66656	7751	6110	0	900	4338	54800	33836	3082	1183	0	0	7	0	0	0	0	0	0	0	0	0	0	0	0	0	0	
Holy-Bible---Lungga---Lungga-Bible	342	342	0	0	0	0	0	0	0	0	0	2	401	401	2405	2405	0	377	150	15906	12672	1035	1333	0	0	51	0	0	0	0	0	0	0	0	0	0	0	0	0	0	
Holy-Bible---Luyana---Luyana-Bible	246	246	0	0	6	6	0	0	0	0	68	0	322	303	2007	1768	0	3	0	12810	7634	946	754	0	0	52	0	0	0	0	0	0	0	0	0	0	0	0	0	0	
Holy-Bible---Mahasu-Pahari---Baghlayani-Bible	241	241	0	0	0	0	0	0	0	0	0	0	231	231	2098	1839	0	143	176	11401	1	985	501	0	0	1281	0	0	0	0	0	0	0	0	0	0	0	0	0	0	।
Holy-Bible---Makhuwa-Meetto---Makua-Bible	204	204	0	0	0	0	0	0	0	0	21	0	362	361	2166	1981	0	2	0	13206	9111	966	1099	0	0	1	0	0	0	0	0	0	0	0	0	0	0	0	0	0	
Holy-Bible---Malagasy---Malagasy-Bible	734	734	0	0	4	4	0	0	0	0	0	6	0	60883	92	92	0	8400	14428	49212	25704	3088	949	0	0	19070	0	0	0	0	0	0	0	0	0	0	0	0	0	0	―
Holy-Bible---Malagasy---Tandroy-Mahafaly-Bible	483	485	0	0	10	10	0	0	0	0	17	0	277	117732	1	4	0	6741	11304	45070	26194	3175	1316	0	1	39656	0	0	0	0	0	0	0	0	0	0	0	0	0	0	‑ — –
Holy-Bible---Malayalam---1910-Contemporary	385	385	0	0	25	25	0	0	0	0	0	0	1	1	217	218	0	6335	20797	10744	28697	2310	336	0	0	722	0	0	0	0	0	0	0	0	0	0	0	0	0	0	‒ — –
Holy-Bible---Malayalam---Contemporary	469	468	0	0	0	0	0	0	0	0	0	0	1840	1446	8225	6251	0	4124	8842	24546	39796	3345	2185	0	0	714	0	0	1	0	0	0	0	0	0	0	0	0	0	0	—
Holy-Bible---Malayalam---Malayalam-Bible	797	797	0	0	0	0	0	0	0	0	39	0	725	613	6335	5206	0	6163	20234	13655	29963	2999	404	0	0	703	0	0	0	0	0	0	0	0	0	0	0	0	0	0	— –
Holy-Bible---Malayalam---Malayalam-Bible-1910	386	386	0	0	25	25	0	0	0	0	0	0	0	0	192	192	0	6329	20712	10746	28563	2308	336	0	0	858	0	0	0	0	0	0	0	0	0	0	0	0	0	0	‒ — –
Holy-Bible---Male---Maale-Bible	292	292	0	0	39	39	0	0	7880	7188	0	0	0	0	0	0	0	2	0	8	1	3131	4359	0	0	9	0	0	0	0	0	0	0	0	0	0	0	0	0	0	። ፤ ፥ ፦ ‹ ›
Holy-Bible---Manipuri---Meitei-Bible	264	264	0	0	4	4	0	0	0	0	0	0	366	366	2119	1944	0	192	643	7043	9283	989	609	0	0	7257	0	0	0	0	0	0	0	0	0	0	0	0	0	0	
Holy-Bible---Maori---Maori-Bible	341	340	0	0	0	0	0	0	0	0	0	0	0	0	0	0	0	9861	13709	85321	27023	3299	438	0	1	1	0	0	0	0	0	0	0	0	0	0	0	0	0	0	
Holy-Bible---Marathi---Marathi-Bible	490	490	0	0	0	0	0	0	0	0	0	0	565	474	5184	5164	0	752	5135	33800	43466	3219	1079	0	0	720	0	0	0	0	0	0	0	0	0	0	0	0	0	0	
Holy-Bible---Marathi---Marathi-Indian-Bible	504	504	0	0	0	0	0	0	0	0	0	0	1684	1336	8085	6243	0	2423	6134	38095	35518	3255	1758	0	0	694	0	0	1	0	0	0	0	0	0	0	0	0	0	0	— ‑
Holy-Bible---Marghi-South---Marghi-South-Bible	195	195	0	0	5	5	0	0	0	0	3	0	311	310	1649	1386	0	18	9	13014	7371	764	329	0	0	0	0	1	0	0	0	0	0	0	0	0	0	0	0	0	
Holy-Bible---Matengo---Amatengu-Bible	201	201	0	0	0	0	0	0	0	0	817	0	372	372	2143	2028	0	167	140	12040	9095	974	867	0	0	1	0	0	0	0	0	0	0	0	0	0	0	0	0	0	
Holy-Bible---Matumbi---Matumbi-Bible	144	144	0	0	0	0	0	0	0	0	25536	0	369	367	1801	1601	0	2	0	10199	6305	766	479	0	0	1	0	0	0	0	0	0	0	0	0	0	0	0	0	0	
Holy-Bible---Mbe---Mbe-Bible	113	113	0	0	0	0	0	0	0	0	29191	0	357	340	2705	2348	0	286	341	24680	11353	735	349	0	0	11347	0	0	0	0	0	0	0	0	0	0	0	0	0	0	
Holy-Bible---Mbula-Bwazza---Mbula-Bwazza-Bible	368	368	0	0	37	37	0	0	0	0	7775	0	502	413	4493	3995	0	893	1928	40501	21925	1659	1267	0	22	13585	0	0	0	0	0	0	0	0	0	0	0	0	0	0	
Holy-Bible---Melo---Melo-Bible	208	208	0	0	15	15	0	0	2315	1946	0	0	0	0	0	0	0	5	0	8	1	1047	176	0	0	2	0	0	0	0	0	0	0	0	0	0	0	0	0	0	። ፤ ፥ ‹ › ፦
Holy-Bible---Mori-Atas---Mori-Atas-Bible	15	15	0	0	4	4	0	0	0	0	0	0	116	116	380	380	0	6	0	2047	1583	117	76	0	0	495	0	0	0	0	0	0	0	0	0	0	0	0	0	0	
Holy-Bible---Mpoto---Mpoto-Bible	201	201	0	0	0	0	0	0	0	0	980	0	393	393	2162	1963	0	208	20	16561	8836	1038	946	0	0	2	0	0	0	0	0	0	0	0	0	0	0	0	0	0	
Holy-Bible---Mum---Mum-Bible	22	22	0	0	0	0	0	0	0	0	0	0	0	0	0	0	0	0	0	2131	2413	0	0	0	0	0	0	0	0	0	0	0	0	0	0	0	0	0	0	0	
Holy-Bible---Munda---Munda-Bible	202	202	0	0	0	0	0	0	0	0	394	0	313	313	2137	1871	0	30	84	11348	2	941	148	0	0	1	0	0	0	0	0	0	0	0	0	0	0	0	0	0	।
Holy-Bible---Mwaghavul---Mwaghavul-Bible	179	180	0	0	0	0	0	0	0	0	0	0	91	95	848	662	0	17	3	11536	5949	396	113	0	0	707	0	1	0	0	0	0	0	0	0	0	0	0	0	0	
Holy-Bible---Mwera---Mwera-Bible	203	203	0	0	0	0	0	0	0	0	1097	0	321	321	2081	1926	0	3	1	15760	8836	986	696	0	0	1	0	0	0	0	0	0	0	0	0	0	0	0	0	0	
Holy-Bible---Myanmar---Burmese-Common-Bible	598	597	0	0	1	2	0	0	0	0	12490	48	0	0	0	0	0	4	0	8	1	0	0	0	14216	15564	0	0	0	0	0	0	0	0	0	0	0	0	0	0	၊ ၍ ။ ၏ ၌ ၎
Holy-Bible---Myanmar---Burmese-Judson	266	266	0	0	0	0	0	0	0	0	0	0	1	1	98	318	0	2	0	8	4	0	0	0	0	3	0	0	0	0	0	0	0	0	0	0	0	0	0	0	၌ ၏ ။ ၊ ၍ ၎
Holy-Bible---Myanmar---Myanmar-Burmese-Judson	269	269	0	0	0	0	0	0	0	0	0	0	0	0	0	0	0	5	0	8	1	0	0	0	0	245	0	0	0	0	0	0	0	0	0	0	0	0	0	0	၌ ၏ ။ ၊ ၍ ၎
Holy-Bible---Naga-Pidgin---Nagamese-Bible	214	214	0	0	0	0	0	0	0	0	1	0	384	384	1881	1855	0	187	358	14725	8700	1010	291	0	0	948	0	0	0	0	0	0	0	0	0	0	0	0	0	0	
Holy-Bible---Naga-Tutsa---Tutsa-Naga-Bible	312	312	0	0	424	372	0	0	0	0	0	0	366	360	1912	1686	0	424	1272	10943	8597	928	1226	0	0	5	0	0	0	0	0	0	0	0	0	0	0	0	0	0	—
Holy-Bible---Ncane---Ncane-Bible	224	224	0	0	17	17	0	0	0	0	685	0	315	315	1819	1819	0	33	0	15718	11585	1030	202	0	0	1	0	0	0	0	0	0	0	0	0	0	0	0	0	0	
Holy-Bible---Ndebele---Accessible-Bible	603	603	0	0	18	18	0	0	0	0	0	0	1538	1538	6279	6276	0	2440	5246	43268	34753	3237	1629	0	0	10551	0	0	1	0	0	0	0	0	0	0	0	0	0	0	
Holy-Bible---Ndebele---Ndebele-Bible	444	444	0	0	0	0	0	0	0	0	4	12	0	0	0	0	0	8068	12882	57557	28335	3174	567	0	0	3013	0	0	0	0	0	0	0	0	0	0	0	0	0	0	
Holy-Bible---Ndendeule---Ndendeule-Bible	201	201	0	0	0	0	0	0	0	0	598	0	359	359	2126	1958	0	89	3	13816	9161	982	951	0	0	1	0	0	0	0	0	0	0	0	0	0	0	0	0	0	
Holy-Bible---Ndengereko---Ndengereko-Bible	280	278	0	0	0	1	0	0	0	0	1685	0	0	0	1593	1586	0	127	261	11791	9223	972	240	0	1	189	0	3	0	0	0	0	0	0	0	0	0	0	0	0	
Holy-Bible---Ndonde-Hamba---Ndonde-Hamba-Bible	22	22	0	0	0	0	0	0	0	0	157	0	119	119	428	428	0	0	0	2078	1073	171	155	0	0	0	0	0	0	0	0	0	0	0	0	0	0	0	0	0	
Holy-Bible---Ndwewe---Ndwewe-Bible	201	201	0	0	0	0	0	0	0	0	2953	0	365	365	2118	2118	0	7	26	13451	8770	937	418	0	0	1	0	0	0	0	0	0	0	0	0	0	0	0	0	0	
Holy-Bible---Nend---Mark	15	15	0	0	0	0	0	0	0	0	0	0	0	0	0	0	0	7	0	753	1906	1	0	0	0	1	0	0	0	0	0	0	0	0	0	0	0	0	0	0	
Holy-Bible---Nepali---Nepali-Bible	533	535	0	0	19	19	0	0	0	0	1617	2	647	635	5908	5680	0	288	434	37670	8	3295	811	0	0	3380	0	0	0	0	0	0	0	0	0	0	0	0	0	0	। – —
Holy-Bible---Nepali---Nepali-Contemporary	552	552	0	0	0	0	0	0	0	0	0	0	1813	1416	8073	6194	0	2516	11325	36057	1	3338	2266	0	0	2910	0	0	0	0	0	0	0	0	0	0	0	0	0	0	। —
Holy-Bible---Ngoni---Ngoni-Bible	202	202	0	0	0	0	0	0	0	0	652	0	282	282	2054	2054	0	31	0	12616	9073	970	918	0	0	1	0	0	0	0	0	0	0	0	0	0	0	0	0	0	
Holy-Bible---Nkangala---Nkangala-Bible	189	189	0	0	5	5	0	0	0	0	0	0	366	365	1945	1762	0	27	0	11137	6708	912	530	0	0	12	0	0	0	0	0	0	0	0	0	0	0	0	0	0	
Holy-Bible---Norwegian---Living-Bible	202	202	0	0	2	2	0	0	0	0	0	0	0	724	0	3898	0	2037	1	10785	11933	881	812	0	3	1	0	0	0	0	0	0	0	0	0	0	0	0	0	0	
Holy-Bible---Norwegian---Norwegian-Bible	341	341	0	0	0	0	0	0	0	0	1635	32	0	0	0	0	0	8193	10591	52185	22912	2852	5827	0	0	2674	0	0	0	0	0	0	0	0	0	0	0	0	0	0	
Holy-Bible---Norwegian---Norwegian-Student-Bible	341	341	0	0	0	0	0	0	6911	6913	0	0	0	1486	0	0	0	7866	7215	56321	27176	2885	6343	0	0	5612	0	0	0	0	0	0	0	0	0	0	0	0	0	0	
Holy-Bible---Oriya---Oriya-Bible	725	724	0	0	22	21	0	0	0	0	0	0	868	868	4823	4819	0	93	16080	52054	1	3240	367	0	0	3338	0	0	0	0	0	0	0	0	0	0	0	0	0	0	।
Holy-Bible---Oromo---New-World	269	269	0	0	18	18	0	0	0	0	0	0	1919	1510	8180	6207	0	1737	21350	20481	35138	3411	1775	0	0	138	0	4	0	0	0	0	0	0	0	0	0	0	0	0	
Holy-Bible---Oromo---West-Central-Oromo-Bible	265	265	0	0	18	18	0	0	0	0	0	0	1916	1506	8175	6203	0	2	0	232	1	3414	1770	0	0	136	0	6	0	0	0	0	0	0	0	0	0	0	0	0	። ፤ ፣ ፦
Holy-Bible---Oyda---Oyda-Bible-Latin	211	211	0	0	17	17	0	0	2313	1933	0	0	0	0	0	0	0	87	1416	8453	10576	1043	176	0	0	2	0	0	0	0	0	0	0	0	0	0	0	0	0	0	‹ ›
Holy-Bible---Oyda---Oyde-Bible-Ethiopic	211	211	0	0	17	17	0	0	2313	1933	0	0	0	0	0	0	0	8	0	12	2	1044	176	0	0	2	0	0	0	0	0	0	0	0	0	0	0	0	0	0	። ፤ ፥ ‹ › ፦
Holy-Bible---Padoe---Padoe-Bible	17	17	0	0	2	2	0	0	0	0	0	0	124	124	381	381	0	0	0	1741	1334	132	190	0	0	438	0	0	0	0	0	0	0	0	0	0	0	0	0	0	
Holy-Bible---Palaung-Shwe---Shwe-Palaung-Bible	23	23	0	0	2	2	0	0	0	0	0	0	35	35	305	296	0	2	0	2	1	0	0	0	0	1	0	0	0	0	0	0	0	0	0	0	0	0	0	0	။ ၊ —
Holy-Bible---Panjabi---Punjabi-Bible	331	331	0	0	0	0	0	0	0	0	0	0	35	35	1555	1416	0	160	67	38196	1	3124	3018	0	0	3339	0	0	0	0	0	0	0	0	0	0	0	0	0	0	। ॥
Holy-Bible---Pengo---Pengo-Bible	195	195	0	0	0	0	0	0	0	0	0	0	25	25	2159	2159	0	6	1500	13724	2	966	168	0	0	13	0	0	0	0	0	0	0	0	0	0	0	0	0	0	।
Holy-Bible---Persian---Old-Persion-Version-Bible	623	623	0	0	1	1	0	0	5666	5188	0	0	0	0	151	128	0	6121	0	8	32458	0	1001	0	0	7	0	0	0	0	0	0	0	0	0	0	0	0	0	0	، ؟ ؛
Holy-Bible---Persian---Open-Contemporary	1197	1197	0	0	0	0	0	0	7262	5871	0	0	0	0	587	587	0	6948	0	8	33928	0	3426	0	0	1	0	0	6	0	0	0	0	0	0	0	0	0	0	0	، ؛ ؟ ٬ – ٫
Holy-Bible---Pogolo---Pogoro-Bible	204	204	0	0	0	0	0	0	0	0	278	0	349	349	2144	1923	0	2	0	12245	8832	940	1024	0	0	1	0	0	0	0	0	0	0	0	0	0	0	0	0	0	
Holy-Bible---Pohnpeian---Pohnpeian-NT-Psalms-New-Alphabet	314	314	0	0	0	0	0	0	0	0	0	0	0	224	1	1	0	2393	1293	21659	9750	1069	947	0	0	3	0	0	0	0	0	0	0	0	0	0	0	0	0	0	—
Holy-Bible---Pohnpeian---Pohnpeian-NT-Psalms-Old-Alphabet	250	250	0	0	0	0	0	0	0	0	0	0	0	212	1	1	0	2379	1250	21547	9821	1067	933	0	0	2	0	0	0	0	0	0	0	0	0	0	0	0	0	0	
Holy-Bible---Polci---Polci-Bible	171	170	0	0	4	4	0	0	0	0	6373	0	338	372	1747	1652	0	4	1	11031	7615	883	399	0	0	161	0	2	0	0	0	0	0	0	0	0	0	0	0	0	
Holy-Bible---Polish---Open-Access-Word-of-Life	245	245	0	0	0	0	0	0	0	0	0	0	0	3	0	755	755	1617	60	14556	9610	949	1630	0	0	5	0	0	7	0	0	0	0	0	0	0	0	0	0	0	— ‚
Holy-Bible---Polish---Polish-Gdansk	751	749	0	0	0	0	0	0	0	0	0	8	0	0	0	0	0	8800	12509	81171	26739	3248	2166	0	0	4	0	0	0	0	0	0	0	0	0	0	0	0	0	0	
Holy-Bible---Polish---Polish-Updated-Gdansk	413	413	0	0	10309	10309	0	0	0	0	0	0	0	0	0	22	22	8550	5800	66333	33649	3198	702	0	0	518	0	0	0	0	0	0	0	0	0	0	0	0	0	0	–
Holy-Bible---Portuguese---Almeida-Bible-1911	636	635	0	0	0	0	0	0	0	0	8188	5	0	0	0	0	0	15115	10263	75042	25339	3233	500	0	0	10241	0	0	0	0	0	0	0	0	0	0	0	0	0	0	
Holy-Bible---Portuguese---Almeida-NewOrthography	636	635	0	0	0	0	0	0	0	0	242	5	0	0	0	0	0	15115	10264	75043	25345	3233	499	0	0	10191	0	0	0	0	0	0	0	0	0	0	0	0	0	0	
Holy-Bible---Portuguese---Biblia-Livre	603	613	0	0	6042	6042	0	0	4	4	17	0	34	33	533	503	0	10957	15319	65977	27108	3206	839	0	0	7202	0	0	0	0	0	0	0	0	0	0	0	0	0	0	–
Holy-Bible---Portuguese---Free-for-All	257	257	0	0	0	0	0	0	0	0	0	0	380	380	1920	1920	0	2257	268	14994	9915	1035	1160	0	0	1025	0	0	0	0	0	0	0	0	0	0	0	0	0	0	–
Holy-Bible---Portuguese---New-Open-Access	435	435	0	0	1	1	0	0	0	0	2946	11250	20	28	307	285	0	8104	5788	62976	38535	3304	1781	0	0	6697	0	0	0	0	0	0	0	0	0	0	0	0	0	0	— – ―
Holy-Bible---Portuguese---Open-New-Bible	326	326	0	0	0	0	0	0	0	0	0	0	1233	1219	8581	6477	0	7251	5245	56112	36529	3145	6289	0	0	5731	0	0	1	0	0	0	0	0	0	0	0	0	0	0	—
Holy-Bible---Portuguese---Portuguese-Trans-Trans	983	985	1055	1055	22353	22350	0	0	0	0	18	0	247	232	1679	1575	25	1606	354	17139	14135	670	1676	0	0	3047	0	2329	0	0	0	0	0	0	3	0	0	0	0	0	– — ‟ ―
Holy-Bible---Portuguese---World-Portuguese-Bible	568	569	0	0	0	0	0	0	0	0	2379	1	0	6	8445	8297	0	7867	5818	63502	37989	3216	1667	0	0	5589	0	0	0	0	0	0	0	0	0	0	0	0	0	0	
Holy-Bible---Potawatomi---Potawatomi-Bible	35	35	0	0	0	0	0	0	0	0	14967	0	245	88	0	0	0	19	667	5683	1949	168	25	0	0	98	0	0	0	0	0	0	0	0	0	0	0	0	0	0	
Holy-Bible---Powari---Powari-Bible	107	107	0	0	0	0	0	0	0	0	0	0	4	4	942	941	0	7	31	8615	2	853	238	0	0	769	0	0	0	0	0	0	0	0	0	0	0	0	0	0	।
Holy-Bible---Rakhine---Rakhine-Bible	231	231	0	0	3	2	0	0	0	0	0	0	373	373	2177	1932	0	2	0	66	4	0	0	0	0	1	0	0	0	0	0	0	0	0	0	0	0	0	0	0	၏ ။ ၊ ၌ ၍ — ၎
Holy-Bible---Rangi---Rangi-Bible	204	204	0	0	26	26	0	0	0	0	0	0	417	417	1896	1896	0	9	0	18519	11047	1066	607	0	0	3	0	0	1	0	0	0	0	0	0	0	0	0	0	0	
Holy-Bible---Reli---Reli-Bible	122	122	0	0	0	0	0	0	0	0	0	0	19	19	338	338	0	0	324	2970	4824	373	135	0	0	0	0	0	0	0	0	0	0	0	0	0	0	0	0	0	
Holy-Bible---Rohingya---Kitabul-Mukaddos-Bible	206	206	0	0	0	0	0	0	0	0	0	0	395	395	2223	1860	0	138	1362	14843	8355	1021	223	0	0	3440	0	0	0	0	0	0	0	0	0	0	0	0	0	0	—
Holy-Bible---Rohingya---Rohingya-Bible	151	151	0	0	0	0	0	0	0	0	613	3758	0	0	0	0	0	537	321	9078	6534	719	361	0	0	80	0	0	0	0	0	0	0	0	0	0	0	0	0	0	
Holy-Bible---Romani---Balkans-Arli-Bible	242	242	0	0	21	21	0	0	0	0	0	0	423	423	1926	1926	0	2534	126	12190	8499	937	991	0	0	1	0	0	1	0	0	0	0	0	0	0	0	0	0	0	–
Holy-Bible---Romani---Eastern-Vlakh	48	48	0	0	0	0	0	0	314	314	0	12	0	0	0	0	0	1390	15	8020	4650	421	396	0	0	87	0	0	0	0	0	0	0	0	0	0	0	0	0	0	—
Holy-Bible---Romani-Vlax---Arli-Luke	18	18	0	0	2	2	0	0	0	0	0	0	124	124	364	364	0	518	30	1423	1212	154	262	0	0	0	0	0	0	0	0	0	0	0	0	0	0	0	0	0	–
Holy-Bible---Romani-Vlax---Chergash-Luke	250	250	0	0	17	17	0	0	0	0	0	0	406	406	1932	1932	0	2513	56	10652	8397	934	1097	0	0	1	0	0	0	0	0	0	0	0	0	0	0	0	0	0	–
Holy-Bible---Romani-Vlax---Gurbet-Luke	230	230	0	0	49	49	0	0	0	0	0	0	436	436	1971	1971	0	2493	37	10208	8913	1007	1390	0	0	2	0	0	1	0	0	0	0	0	0	0	0	0	0	0	–
Holy-Bible---Romani-Vlax---Lovaric-Bible	28	28	0	0	0	0	0	0	128	128	0	18	0	0	0	0	0	707	54	3292	2179	160	100	0	0	357	0	0	0	0	0	0	0	0	0	0	0	0	0	0	—
Holy-Bible---Romani-Vlax---Servi-Bible	54	54	0	0	0	0	0	0	330	323	0	11	0	0	0	0	0	1461	39	8019	4721	429	479	0	0	53	0	0	0	0	0	0	0	0	0	0	0	0	0	0	— –
Holy-Bible---Romanian---BTF-Bible	564	564	0	0	1865	1865	0	0	0	0	0	0	0	0	0	17	17	8460	14667	53165	26582	3266	457	0	0	20826	0	0	0	0	0	0	0	0	0	0	0	0	0	0	– ‑
Holy-Bible---Romanian---Bayash-Luke	54	54	0	0	0	0	0	0	0	0	0	0	127	123	361	361	0	501	13	1222	1181	170	250	0	0	0	0	0	0	0	0	0	0	0	0	0	0	0	0	0	–
Holy-Bible---Romanian---Cyrillic	364	364	0	0	0	0	0	0	332	333	0	0	1608	1609	30	6208	6178	8928	5376	56102	28425	3151	5100	0	0	26929	0	0	140	0	0	0	0	0	0	0	0	0	0	0	– ‹ › —
Holy-Bible---Romanian---Free-Bible	259	259	0	0	0	0	0	0	0	0	108	2	0	0	2399	2175	0	2238	586	14803	8046	1026	540	0	0	6023	0	0	0	0	0	0	0	0	0	0	0	0	0	0	—
Holy-Bible---Romanian---Ludari-Luke	15	15	0	0	0	0	0	0	0	0	0	0	131	130	370	370	0	516	3	1272	1279	163	285	0	0	0	0	0	0	0	0	0	0	0	0	0	0	0	0	0	
Holy-Bible---Rote-Dela---Rote-Dela-Bible	371	371	0	0	30	31	0	0	0	0	0	0	630	608	2620	2534	0	356	139	28178	20566	1217	3642	0	0	10058	0	0	0	0	0	0	0	0	0	0	0	0	0	0	
Holy-Bible---Russian---Russian-Synodal-Translation	291	291	0	0	0	0	0	0	0	0	0	0	0	0	936	935	0	10084	11111	73484	23449	3054	1968	0	0	3257	0	0	0	0	0	0	0	0	0	0	0	0	0	0	
Holy-Bible---Saafi-Saafi---Saafi-Saafi-Bible	268	268	0	0	48	36	0	0	2542	2540	2194	178	13	13	387	387	0	3257	1404	22216	12363	1103	958	0	0	2165	0	0	0	0	0	0	0	0	0	0	0	0	0	0	
Holy-Bible---Safwa---Safwa-Bible	327	326	0	0	2	2	0	0	0	0	568	0	0	0	1533	1640	0	135	278	9607	8959	987	268	0	25	85	0	2	0	0	0	0	0	0	0	0	0	0	0	0	—
Holy-Bible---Sakachep---Sakachep-Bible	310	310	0	0	2	3	0	0	0	0	2288	0	246	246	2231	2103	0	296	1027	13848	8964	944	910	0	0	378	0	0	0	0	0	0	0	0	0	0	0	0	0	0	—
Holy-Bible---Sanga---Sanga-Bible	40	40	0	0	0	0	0	0	0	0	68	0	209	206	881	684	0	12	0	4400	2566	338	81	0	0	2	0	0	0	0	0	0	0	0	0	0	0	0	0	0	
Holy-Bible---Sankaran-Maninka---Alla-la-Kitabu-Seniman	157	157	0	0	1	1	0	0	2532	2242	0	0	0	0	0	0	0	2689	73	15096	15686	1009	517	0	0	80	0	0	0	0	0	0	0	0	0	0	0	0	0	0	‹ ›
Holy-Bible---Sanskrit---Assamese-Script	220	220	0	0	0	0	0	0	0	0	0	128	3	3	0	0	0	11	620	3908	1	1022	2	0	0	38	0	0	0	7222	0	0	0	0	0	0	0	0	0	0	
Holy-Bible---Sanskrit---Bengali-Script	220	220	0	0	0	0	0	0	0	0	0	128	3	3	0	0	0	11	620	3908	1	1022	2	0	0	38	0	0	0	7222	0	0	0	0	0	0	0	0	0	0	
Holy-Bible---Sanskrit---Burmese-Script	220	220	0	0	0	0	0	0	0	0	1475	128	3	3	0	0	0	11	620	3908	1	1022	2	0	0	38	0	0	0	0	0	0	0	0	0	0	0	0	0	0	၊ ။
Holy-Bible---Sanskrit---Cologne-Script	220	220	0	0	0	0	0	0	0	0	1475	128	3	0	0	0	0	11	620	3908	1	1022	2	0	3	38	0	0	0	7222	0	0	0	0	0	0	0	0	0	0	
Holy-Bible---Sanskrit---Devanagari-Script	220	220	0	0	0	0	0	0	0	0	0	128	3	3	0	0	0	11	620	3908	1	1022	2	0	0	38	0	0	0	0	0	0	0	0	0	0	0	0	0	0	। ॥
Holy-Bible---Sanskrit---Gujarati-Script	220	220	0	0	0	0	0	0	0	0	0	128	3	3	0	0	0	11	620	3908	1	1022	2	0	0	38	0	0	0	7222	0	0	0	0	0	0	0	0	0	0	
Holy-Bible---Sanskrit---Harvard-Kyoto-Script	220	220	0	0	0	0	0	0	0	0	1475	128	3	0	0	0	0	11	620	3908	1	1022	2	0	3	38	0	0	0	7222	0	0	0	0	0	0	0	0	0	0	
Holy-Bible---Sanskrit---IAST-Script	220	220	0	0	0	0	0	0	0	0	1475	128	3	3	0	0	0	11	620	3908	1	1022	2	0	0	38	0	0	0	7222	0	0	0	0	0	0	0	0	0	0	
Holy-Bible---Sanskrit---ISO-Script	220	220	0	0	0	0	0	0	0	0	1475	128	3	3	0	0	0	11	620	3908	1	1022	2	0	0	38	0	0	0	7222	0	0	0	0	0	0	0	0	0	0	
Holy-Bible---Sanskrit---ITRANS-Script	220	220	0	0	0	0	0	0	0	0	0	128	3	0	0	0	0	11	620	3908	1476	1022	2	0	3	38	0	0	0	7222	0	0	0	0	0	0	4213	0	0	0	
Holy-Bible---Sanskrit---Kannada-Script	220	220	0	0	0	0	0	0	0	0	0	128	3	3	0	0	0	11	620	3908	1	1022	2	0	0	38	0	0	0	7222	0	0	0	0	0	0	0	0	0	0	
Holy-Bible---Sanskrit---Khmer-Script	220	220	0	0	0	0	0	0	0	0	0	128	3	3	0	0	0	11	620	3908	1	1022	2	0	0	38	0	0	0	0	0	0	0	0	0	0	0	0	0	0	។ ៕
Holy-Bible---Sanskrit---Malayalam-Script	220	220	0	0	0	0	0	0	0	0	0	128	3	3	0	0	0	11	620	3908	1	1022	2	0	0	38	0	0	0	7222	0	0	0	0	0	0	0	0	0	0	
Holy-Bible---Sanskrit---Oriya-Script	220	220	0	0	0	0	0	0	0	0	0	128	3	3	0	0	0	11	620	3908	1	1022	2	0	0	38	0	0	0	7222	0	0	0	0	0	0	0	0	0	0	
Holy-Bible---Sanskrit---Punjabi-Script	1695	1695	0	0	0	0	0	0	0	0	0	128	3	3	0	0	0	11	620	3908	1	1022	2	0	0	38	0	0	0	7222	0	0	0	0	0	0	0	0	0	0	
Holy-Bible---Sanskrit---Sinhala-Script	1695	1695	0	0	0	0	0	0	0	0	0	128	3	0	0	0	0	11	620	3908	1	1022	2	0	3	38	0	0	0	7222	0	0	0	0	0	0	0	0	0	0	·
Holy-Bible---Sanskrit---Tamil-Script	1695	1695	0	0	0	0	0	0	0	0	0	128	3	26344	0	0	0	8337	620	3908	1	1022	2	0	0	38	0	0	0	7222	0	0	0	0	0	0	0	0	0	0	
Holy-Bible---Sanskrit---Telugu-Script	220	220	0	0	0	0	0	0	0	0	0	128	3	3	0	0	0	11	620	3908	1	1022	2	0	0	38	0	0	0	7222	0	0	0	0	0	0	0	0	0	0	
Holy-Bible---Sanskrit---Thai-Script	220	220	0	0	0	0	0	0	0	0	1475	128	3	3	0	0	0	8337	620	3908	1	1022	2	0	0	38	0	0	0	0	0	0	0	0	0	0	0	0	0	0	๚
Holy-Bible---Sanskrit---Tibetan-Script	220	220	0	0	0	0	0	0	0	0	0	128	3	3	0	0	0	11	620	3908	1	1022	2	0	0	38	0	0	0	0	0	0	0	0	0	0	0	0	0	0	། ྅ ༎
Holy-Bible---Sanskrit---Urdu-Script	220	220	0	0	0	0	0	0	0	0	0	128	3	3	0	0	0	11	0	8	1	0	2	0	0	38	0	0	0	0	0	0	0	0	0	0	0	0	0	0	۔ ، ؛ ؟
Holy-Bible---Sanskrit---Velthuis-Script	220	220	0	0	0	0	0	0	0	0	0	13738	3	0	0	0	0	11	620	3908	56920	1022	2	0	3	38	0	0	0	7222	0	0	0	0	0	0	0	0	0	0	
Holy-Bible---Sari---Sari-Bible	226	226	0	0	17	17	0	0	0	0	730	0	317	317	1810	1810	0	31	2	15522	11520	1034	181	0	0	7140	0	0	0	0	0	0	0	0	0	0	0	0	0	0	
Holy-Bible---Satawalese---Satawalese-Bible	138	138	0	0	16	16	0	0	0	0	0	0	298	300	1525	1338	0	176	380	5824	3967	606	591	0	0	1	0	0	1	0	0	0	0	0	0	0	0	0	0	0	—
Holy-Bible---Scots-Gaelic---Scots-Gaelic-Gospel-Mark	20	20	0	0	0	0	0	0	0	0	715	0	0	0	0	0	0	412	138	1293	608	114	4	0	0	283	0	0	0	0	0	0	0	0	0	0	0	0	0	0	
Holy-Bible---Serbian---Karadzic-Danicic-Latin-Script	350	350	0	0	0	0	0	0	0	0	0	0	0	0	0	32	32	8560	9737	48773	26811	3222	1187	0	0	418	0	0	0	0	0	0	0	0	0	0	0	0	0	0	
Holy-Bible---Serbian---Serbian-Ekavski-Bible	338	338	0	0	0	0	0	0	0	0	0	66	0	0	0	0	0	8561	9799	48771	26489	3222	1188	0	0	418	0	0	0	0	0	0	0	0	0	0	0	0	0	0	
Holy-Bible---Serbian---Serbian-ONSP-Cyrillic	406	406	0	0	1873	1873	0	0	0	0	0	0	0	3088	5907	0	5910	8755	3407	52532	34392	3198	3750	0	0	652	0	0	6	0	0	0	0	0	0	0	0	0	0	0	–
Holy-Bible---Serbian---Serbian-ONST-Latin	411	411	0	0	1873	1873	0	0	0	0	0	0	0	3048	5907	0	5910	8755	3407	52531	34392	3198	3750	0	0	652	0	0	6	0	0	0	0	0	0	0	0	0	0	0	–
Holy-Bible---Setswana---Open-Tswana-Living	426	426	0	0	29	29	0	0	0	0	0	0	285	285	2203	1760	0	308	994	12033	8433	933	1227	0	0	328	0	0	4	0	0	0	0	0	0	0	0	0	0	0	—
Holy-Bible---Sgaw-Karen---Mason-Bible	563	565	0	0	15	15	0	0	0	0	0	0	0	0	0	0	0	2	0	80761	43416	0	0	0	0	1	0	0	0	0	0	0	0	0	0	0	0	0	0	0	
Holy-Bible---Shi---Mashi-Bible	387	387	0	0	14	13	0	0	5758	5758	161	13	24	49265	2578	2578	0	9394	4779	62318	32209	3114	2971	0	0	4127	0	3	21	0	0	0	0	0	0	0	0	0	0	0	–
Holy-Bible---Sholaga---Sholaga-Bible	353	353	0	0	0	1	0	0	0	0	2	1756	70	63	0	132	0	48	631	3536	13859	908	290	0	0	231	0	0	0	0	0	0	0	0	0	0	0	0	0	0	
Holy-Bible---Shona---Rakasununguka	555	555	0	0	0	0	0	0	0	0	0	0	1834	1428	8065	6102	0	2037	5572	49776	34575	3223	1657	0	0	601	0	0	1	0	0	0	0	0	0	0	0	0	0	0	—
Holy-Bible---Shona---Shona-Bible	250	250	0	0	0	0	0	0	0	0	93	10	0	0	0	0	0	2372	3251	13602	6360	1001	144	0	0	147	0	0	0	0	0	0	0	0	0	0	0	0	0	0	
Holy-Bible---SlavonicChurch---Church-Slavonic-Elizabeth	1703	1705	0	0	0	0	0	0	0	0	0	0	0	0	0	0	0	24016	0	64708	20932	3171	54	0	0	58	0	0	0	0	0	0	0	0	0	0	0	0	0	0	
Holy-Bible---Slovak---Slovak-Bible	244	244	0	0	17	17	0	0	0	0	0	0	284	0	1917	0	1917	2099	214	14991	9066	1002	952	0	0	6	0	0	4	0	0	0	0	0	0	0	0	0	0	0	‚ –
Holy-Bible---Slovene---Slovene-Savli-Bible	563	563	0	0	969	969	0	0	5532	5566	1	0	0	0	0	0	0	8039	3811	66755	32580	3274	328	0	0	139	0	0	1	0	0	0	0	0	0	0	0	0	0	0	› ‹ – ―
Holy-Bible---Slovene---Slovene-Stritarja-NT	349	349	0	0	0	0	0	0	0	0	1	668	0	0	0	0	0	2884	3669	21905	8378	1152	789	0	0	149	0	0	0	0	0	0	0	0	0	0	0	0	0	0	–
Holy-Bible---Soli---Soli-Bible	209	209	0	0	0	0	0	0	0	0	787	0	203	185	2228	2139	0	2	22	12713	9752	973	495	0	0	5	0	0	0	0	0	0	0	0	0	0	0	0	0	0	
Holy-Bible---Somali---Somali-Bible	508	507	0	0	0	0	0	0	0	0	7692	2	0	0	0	0	0	263	3889	68618	29545	3301	306	0	0	575	0	0	0	0	0	0	0	0	0	0	0	0	0	0	
Holy-Bible---Somau-Karia---Somau-Karia-Bible	43	43	0	0	0	0	0	0	0	0	0	0	217	216	816	715	0	0	0	6063	5818	296	23	0	0	84	0	0	0	0	0	0	0	0	0	0	0	0	0	0	—
Holy-Bible---Spanish---Biblia-Platense-Straubinger	2449	2448	1	1	35	33	0	0	547	544	0	0	160	158	6053	5900	0	8875	10413	62577	28986	3064	1517	0	0	226	0	0	1	0	0	0	0	0	0	0	0	0	0	0	¿ ¡ — ‹ ›
Holy-Bible---Spanish---Free-Bible	827	827	0	0	0	0	0	0	0	0	0	0	1019	1019	7889	6541	0	6342	2522	46547	40206	3292	3331	0	0	592	0	0	16	0	0	0	0	0	0	0	0	0	0	0	¡ ¿ — –
Holy-Bible---Spanish---Free-for-the-World	561	560	0	0	0	0	0	0	469	473	3	0	1131	745	7733	6067	0	7935	5063	58059	37528	3301	1397	0	0	116	0	0	0	0	0	0	0	0	0	0	0	0	0	0	¿ — ¡
Holy-Bible---Spanish---Gods-Word-for-You	401	401	0	0	2774	2774	0	0	0	0	0	0	0	0	0	0	0	8674	317	48831	38153	3185	2659	0	0	654	0	0	2	0	0	0	0	0	0	0	0	0	0	0	¡ ¿
Holy-Bible---Spanish---Reina-Valera-1865	508	508	0	0	8	8	0	0	0	0	0	0	0	0	0	0	0	18249	8728	67501	26973	3233	813	0	0	798	0	0	0	0	0	0	0	0	0	0	0	0	0	0	¿ ¡
Holy-Bible---Spanish---Reina-Valera-1909	525	525	0	0	3501	3501	0	0	0	0	0	0	0	0	0	0	0	15711	11262	63953	26390	3148	387	0	0	673	0	0	0	0	0	0	0	0	0	0	0	0	0	0	¿ ¡
Holy-Bible---Spanish---Reina-Valera-NT-1858	293	293	0	0	2063	2063	0	0	0	0	0	0	0	0	0	0	0	3869	2479	15685	6414	995	70	0	0	194	0	0	0	0	0	0	0	0	0	0	39	0	0	0	¿ ¡
Holy-Bible---Spanish---Sagradas-Escrituras-1569	776	775	0	0	0	0	0	0	0	0	0	0	0	0	0	0	0	8524	17722	65256	27196	3156	411	0	0	656	0	0	0	0	0	0	0	0	0	0	0	0	0	0	¿ ¡
Holy-Bible---Spanish---Sencillo-Bible	450	446	0	0	1	1	0	0	6	2	2	0	0	1	133	108	0	9773	14513	57006	26906	3224	657	0	0	572	0	0	0	0	0	0	0	0	0	0	0	0	0	0	¿ ¡
Holy-Bible---Spanish---Spanish-New-Open-Bible	729	729	0	0	1	1	0	0	2230	4113	0	0	21	21	880	975	0	6002	3760	45105	36045	2830	3930	0	0	5	0	0	6	0	0	0	0	0	0	0	0	0	0	0	¡ ― ¿ —
Holy-Bible---Swahili---Contemporary	584	584	0	0	20	21	0	0	0	0	0	0	1849	1435	8094	6114	0	2908	2971	54874	35083	3271	1736	0	0	931	0	6	5	0	0	0	0	0	0	0	0	0	0	0	
Holy-Bible---Swahili---New-Swahili-Bible	600	596	0	0	4	4	0	0	0	0	3785	10	11	48	5440	5210	0	1035	4796	53398	39256	3253	1584	0	43	1304	0	1	0	0	0	0	0	0	0	0	0	0	0	0	– —
Holy-Bible---Swahili---Swahili-Bible	290	290	0	0	0	0	0	0	0	0	135	0	0	0	2102	1859	0	952	1384	13273	8698	956	903	0	0	9	0	0	0	0	0	0	0	0	0	0	0	0	0	0	—
Holy-Bible---Swahili---Swahili-Open-Bible	593	593	0	0	26	26	0	0	0	0	0	0	1845	2024	8101	6112	0	2979	3710	56532	35332	3273	1789	0	0	1635	0	0	0	0	0	0	0	0	0	0	0	0	0	0	
Holy-Bible---Swedish---Swedish-Bible	406	405	0	0	2	2	0	0	0	0	2019	11391	0	0	0	0	0	8303	9690	58304	30773	2709	911	0	0	2596	0	0	0	0	0	0	0	0	0	0	0	0	0	0	
Holy-Bible---Swedish---Swedish-Bible-1703	260	260	0	1	0	0	0	0	0	0	1	0	0	0	0	0	0	7596	13472	56641	19172	2189	122	0	0	16	0	0	0	0	0	0	0	0	0	0	1	0	0	0	
Holy-Bible---Swedish---Swedish-Bible-1873	449	449	0	0	0	0	0	0	0	0	0	0	0	0	0	0	0	8250	20547	76914	26456	2896	247	0	0	3	0	0	0	0	0	0	0	0	0	0	0	0	0	0	
Holy-Bible---Swedish---Swedish-Bible-1917	410	410	0	0	2	2	0	0	0	11436	2025	0	0	0	0	0	0	8323	9730	58357	31187	2709	912	0	0	2498	0	0	0	0	0	0	0	0	0	0	0	0	0	0	
Holy-Bible---Taabwa---Kitaabua-Bible	33	34	0	0	0	0	0	0	0	0	213	0	108	108	1240	1052	0	123	0	9322	6675	356	144	0	0	1038	0	0	0	0	0	0	0	0	0	0	0	0	0	0	
Holy-Bible---Tagakaulo---Tagakaulo-Bible	203	203	0	0	20	20	0	0	0	0	15429	0	418	404	2166	1920	0	622	0	14286	12473	817	970	0	0	15154	0	0	0	0	0	0	0	0	0	0	0	0	0	0	‑
Holy-Bible---Tagalog---Tagalog-Bible-1905	849	849	0	0	0	0	0	0	0	0	26647	0	0	0	0	0	0	10535	12692	66533	26202	3197	373	0	0	2211	0	0	0	0	0	0	0	0	0	0	0	0	0	0	
Holy-Bible---Tagalog---Tagalog-Bible-Unlocked	978	978	0	0	3	3	0	0	0	0	3800	6	0	12	5984	5653	0	1042	4424	51302	39354	3263	1916	0	0	7809	0	5	0	0	0	0	0	0	0	0	0	0	0	0	— –
Holy-Bible---Tagin---Tagin-First-Bible	301	301	0	0	3	3	0	0	0	0	0	0	357	362	2261	2103	0	441	1317	11299	8598	930	1184	0	0	149	0	0	0	0	0	0	0	0	0	0	0	0	0	0	—
Holy-Bible---Tamil---Open-Contemporary	269	269	0	0	0	0	0	0	0	0	0	0	1666	1292	8022	6164	0	2083	6365	46929	48451	3324	1305	0	0	4	0	0	0	0	0	0	0	0	0	0	0	0	0	0	
Holy-Bible---Tamil---Tamil-Bible	350	349	0	0	0	0	0	0	0	0	0	0	1	11	1475	1046	0	5716	17246	46705	27275	2139	248	0	0	7	0	2	0	0	0	0	0	0	0	0	0	0	0	0	
Holy-Bible---Tarok---Tarok-Nigeria-Bible	129	129	0	0	0	0	0	0	0	0	51	0	527	390	2639	2074	0	0	0	21748	17274	1085	0	0	0	2911	0	0	0	0	0	0	0	0	0	0	0	0	0	0	
Holy-Bible---Tavoyan---Tavoyan-Bible	233	233	0	0	3	2	0	0	0	0	0	0	369	368	2160	2000	0	2	0	72	1	0	857	0	0	6	0	0	1	0	0	0	0	0	0	0	0	0	0	0	။ ၊ ‑ – — ၌
Holy-Bible---Teke-Tyee---Teke-Tyee-Bible	205	205	0	0	40	37	0	0	2014	2013	0	0	0	0	361	361	0	2482	1	14501	9457	976	957	0	0	3924	0	0	0	0	0	0	0	0	0	0	0	0	0	0	–
Holy-Bible---Telugu---Telugu-Bible	419	419	0	0	5	5	0	0	0	0	0	0	943	945	6020	5861	0	20	1	28852	55483	3172	874	0	0	38	0	0	0	0	0	0	0	0	0	0	0	0	0	0	
Holy-Bible---Telugu---Telugu-Open-Contemporary	519	519	0	0	0	0	0	0	0	0	0	0	1764	1364	7995	6088	0	2240	5121	40157	38329	3347	1897	0	0	476	0	0	0	0	0	0	0	0	0	0	0	0	0	0	–
Holy-Bible---Tharu-Rana---Rana-Tharu-Bible	215	215	0	0	0	0	0	0	0	0	0	0	315	315	2098	2098	0	385	1585	13104	1	956	900	0	0	785	0	0	0	0	0	0	0	0	0	0	0	0	0	0	।
Holy-Bible---Thur---Leb-Thur-Bible	252	252	0	0	5	5	0	0	0	0	5078	0	480	478	2782	2366	0	329	368	14370	10903	1111	481	0	0	501	0	0	0	0	0	0	0	0	0	0	0	0	0	0	—
Holy-Bible---Tichurong---Tichurong-Bible	51	51	0	0	1	1	0	0	0	0	0	1	86	86	697	690	0	230	4	2580	0	245	38	0	0	2	0	0	0	0	0	0	0	0	0	0	0	0	0	0	।
Holy-Bible---Tongan---Revised-West-Version	566	566	0	0	1402	1402	0	0	0	0	23	0	1112	1084	6815	5678	0	12131	9419	73251	26579	3301	349	0	0	398	0	0	0	0	0	0	0	0	0	0	0	0	0	0	―
Holy-Bible---Tsakhur---Tsakhur-Bible	214	216	0	0	1	2	0	0	750	748	35013	2	0	0	24	0	22	2736	20	11606	10886	1039	634	0	0	1530	0	0	0	0	0	0	0	0	0	0	0	0	0	0	–
Holy-Bible---Tsikimba---Tsikimba-Bible	4	4	0	0	0	0	0	0	0	0	104	0	15	15	267	124	0	59	73	1989	1615	54	48	0	0	54	0	0	0	0	0	0	0	0	0	0	0	0	0	0	
Holy-Bible---Tsishingini---Tsishingini-Bible	3	3	0	0	0	0	0	0	0	0	3330	0	61	59	617	465	0	37	0	3228	2888	197	111	0	0	0	0	0	0	0	0	0	0	0	0	0	0	0	0	0	
Holy-Bible---Turkish---Open-Basic-Turkish	203	203	0	0	0	0	0	0	0	0	0	0	484	484	2091	2091	0	1642	23	7712	13782	1048	906	0	0	2	0	0	4	0	0	0	0	0	0	0	0	0	0	0	–
Holy-Bible---Turkish---Turkish-Bible	339	339	0	0	0	0	0	0	0	0	25375	0	2052	1754	9420	7759	0	2803	1923	44743	41870	3127	2862	0	0	691	0	0	0	0	0	0	0	0	0	0	0	0	0	0	–
Holy-Bible---Twi---Akuapem-Twi-Bible	454	454	0	0	0	0	0	0	0	0	0	0	1611	1242	7991	6092	0	1409	4513	47187	39144	3082	1930	0	0	662	0	0	0	0	0	0	0	0	0	0	0	0	0	0	— –
Holy-Bible---Twi---Asante-Twi-WASNA	465	465	0	0	0	0	0	0	0	0	0	0	1571	1208	7960	6046	0	1398	4278	52730	39858	3021	1937	0	0	678	0	0	0	0	0	0	0	0	0	0	0	0	0	0	—
Holy-Bible---Ukrainian---New-Translation	322	322	0	0	2123	2123	0	0	1230	1228	0	0	0	951	146	0	146	2710	478	22139	9903	1149	1393	0	0	162	0	0	0	0	0	0	0	0	0	0	0	0	0	0	– ― —
Holy-Bible---Ukrainian---Ukrainian-Freedom-Bible	1411	1411	0	0	3	3	0	0	0	0	0	0	0	0	0	0	142	9708	9560	75227	26134	2982	2558	0	0	803	0	0	1	0	0	0	0	0	0	0	0	0	0	0	— ‟
Holy-Bible---Ukrainian---Ukrainian-NT	693	695	0	0	9	9	0	0	0	0	76	130	0	0	0	0	0	2650	2082	20020	6577	994	151	0	0	225	0	1	0	0	0	0	0	0	0	0	0	0	0	0	
Holy-Bible---Ukrainian---Ukrainian-Ogienko	360	360	0	0	2	2	0	0	0	1	3726	11	0	0	6131	0	6257	9055	859	86587	24729	2964	7510	0	0	1310	0	0	2	0	0	0	0	0	0	0	0	0	0	0	—
Holy-Bible---Urdu---Urdu-Bible	366	366	0	0	23	23	0	0	0	0	13802	0	82	141	4495	4260	0	1144	7120	36544	5	2990	1445	0	0	97	0	0	0	0	0	0	0	0	0	0	0	0	0	0	— ।
Holy-Bible---Urdu---Urdu-Free-Contemporary	529	529	0	0	0	0	0	0	0	0	0	0	1343	1736	6043	7897	0	2099	0	101	1	0	2114	0	0	1	0	0	0	0	0	0	0	0	0	0	0	0	0	0	۔ ، ؛ ؟
Holy-Bible---Ut-Ma-in---Ut-Ma-in-Bible	176	176	0	0	0	0	0	0	0	0	4036	0	258	257	1587	1327	0	197	36	9713	7640	484	317	0	0	44311	0	0	0	0	0	0	0	0	0	0	0	0	0	0	¿ —
Holy-Bible---Uyghur---Uyghur-Bible-Arabic	971	973	0	0	3240	3240	0	0	5100	4992	0	0	0	0	2	2	0	7739	0	10	28727	0	4673	0	0	10283	0	0	0	0	0	0	0	0	0	0	0	0	0	0	؛ ، ؟ — ‹ › ٪
Holy-Bible---Uyghur---Uyghur-Bible-Cyrillic	1063	1066	0	0	3243	3243	0	0	5100	4993	1	0	0	0	2	2	0	7742	15047	49008	28681	3460	4652	0	0	10587	0	0	0	0	0	0	0	0	0	0	0	0	0	0	— –
Holy-Bible---Uyghur---Uyghur-Bible-Latin	1063	1066	0	0	3241	3241	0	0	5096	4990	0	0	0	4430	2	2	0	7736	15049	49006	28684	3460	4650	0	0	10284	0	0	0	0	0	0	0	0	0	0	0	0	0	0	—
Holy-Bible---Uyghur---Uyghur-Bible-Pinyin	1063	1066	0	0	3239	3239	0	0	5085	4985	0	0	0	793	2	2	0	7736	15050	48998	28681	3463	4650	0	0	10290	0	0	0	0	0	0	0	0	0	0	0	0	0	0	—
Holy-Bible---Vaagri-Booli---Vaagri-Booli-Bible	213	213	0	0	0	0	0	0	0	0	0	0	327	309	1831	1669	0	63	610	10483	10977	1019	572	0	0	298	0	0	0	0	0	0	0	0	0	0	0	0	0	0	
Holy-Bible---Vaghri---Vaghri-Bible	213	213	0	0	0	0	0	0	0	0	0	0	4	4	606	605	0	3	1152	8019	8016	802	182	0	0	1	0	0	0	0	0	0	0	0	0	0	0	0	0	0	
Holy-Bible---Vidunda---Vidunda-Bible	360	360	0	0	0	0	0	0	0	0	12837	0	854	822	5708	4787	0	2	3	39157	27677	2134	1292	0	0	458	0	0	0	0	0	0	0	0	0	0	0	0	0	0	
Holy-Bible---Vietnamese---Contemporary	821	821	0	0	0	0	0	0	0	0	0	0	1152	1152	5990	5989	0	7393	2122	50823	38433	2902	3825	0	0	51079	0	0	3	0	0	0	0	0	0	0	0	0	0	0	—
Holy-Bible---Vietnamese---Vietnamese-Bible	362	362	0	0	0	0	0	0	0	0	0	0	0	0	45	231	0	8746	11741	66124	28389	3062	2926	0	0	68210	0	0	0	0	0	0	0	0	0	0	0	0	0	0	
Holy-Bible---Vietnamese---Vietnamese-Bible-1934	364	364	0	0	0	0	0	0	0	8	0	90	0	0	0	0	0	8730	11698	65819	28335	3049	2920	0	0	67992	0	0	0	0	0	0	0	0	0	0	0	0	0	0	¿ · § ¡
Holy-Bible---Vwanji---Vwanji-Bible	257	259	0	0	5	6	0	0	0	0	5362	1	0	0	1582	1706	0	125	211	12783	9439	990	389	0	63	80	0	13	0	0	0	0	0	0	0	0	0	0	0	0	— –
Holy-Bible---Waddar---Waddar-Bible	72	72	0	0	0	0	0	0	0	0	109	0	65	65	839	839	0	95	348	4444	3960	493	113	0	0	81	0	0	0	0	0	0	0	0	0	0	0	0	0	0	
Holy-Bible---Waja---Waja-Bible	46	46	0	0	3	3	0	0	0	0	0	0	109	110	455	330	0	15	8	2896	2003	200	130	0	0	1	0	1	0	0	0	0	0	0	0	0	0	0	0	0	
Holy-Bible---Wolio---Kitabi-Momangkilona-Bible	322	322	0	0	39	39	0	0	0	0	1045	5671	0	0	0	0	0	253	443	20986	15330	1112	1337	0	0	6085	0	0	0	0	0	0	0	0	0	0	0	0	0	0	
Holy-Bible---Yaka---Ivatan-Bible	203	203	0	0	21	18	0	0	2099	2020	0	0	0	0	401	401	0	2749	139	16579	11177	949	1020	0	0	641	0	0	0	0	0	0	0	0	0	0	0	0	0	0	—
Holy-Bible---Yaka---Yaka-Bible	158	158	0	0	34	34	0	0	1914	1847	2	756	0	0	0	0	0	2567	1379	12569	7331	932	726	0	0	754	0	0	0	0	0	0	0	0	0	0	0	0	0	0	–
Holy-Bible---Yalunka---Yalunka-Bible	267	267	0	0	0	0	0	0	0	0	0	0	1362	1362	7180	7180	0	1044	50	71728	43674	3153	3775	0	0	615	0	0	0	0	0	0	0	0	0	0	0	0	0	0	
Holy-Bible---Yamap---Yamap-Bible	54	54	0	0	0	0	0	0	0	0	0	0	298	297	1296	1001	0	12	2	2532	4280	449	305	0	0	1	0	0	0	0	0	0	0	0	0	0	0	0	0	0	
Holy-Bible---Yansi---Yansi-Bible	201	201	0	0	13	13	0	0	2014	1948	11891	790	0	0	0	0	0	2822	0	15917	8827	980	832	0	0	60	0	0	1	0	0	0	0	0	0	0	0	0	0	0	–
Holy-Bible---Yemsa---Yemsa-Bible-Ethiopic	202	202	0	0	28	28	0	0	2264	2065	0	0	0	0	0	0	0	2	0	8	2	1072	736	0	0	1	0	0	0	0	0	0	0	0	0	0	0	0	0	0	፦ ። ፤ ‹ › ፥
Holy-Bible---Yemsa---Yemsa-Bible-Latin	203	203	0	0	30	30	0	0	2262	2061	8860	0	0	0	0	0	0	2238	2491	1025	10680	1059	736	0	0	1	0	0	0	0	0	0	0	0	0	0	0	0	0	0	‹ ›
Holy-Bible---Yiddish-Eastern---Eastern-Yiddish-Bible	1515	1515	0	0	0	0	0	0	0	0	0	0	0	0	5	5	0	2242	3410	17928	5979	992	822	0	0	87	0	901	0	0	0	0	0	0	0	0	3	0	0	0	׳ ‑ — ־ ״
Holy-Bible---Yipunu---Punu-Bible	21	21	0	0	9	9	0	0	650	643	0	0	1	1	192	191	0	851	27	4064	3090	251	193	0	0	126	0	0	0	0	0	0	0	0	0	0	0	0	0	0	
Holy-Bible---Yombe---Yombe-Bible	223	223	0	0	22	22	0	0	0	0	0	0	4	4	583	583	0	2568	2539	9105	11885	1173	865	0	0	182	0	0	17	0	0	0	0	0	0	0	0	0	0	0	—
Holy-Bible---Yoruba---Yoruba-Bible	634	634	0	0	0	0	0	0	0	0	0	0	1757	1351	8083	6118	0	2188	4986	58829	34795	3105	1412	0	0	5199	0	0	1	0	0	0	0	0	0	0	0	0	0	0	—
Holy-Bible---Zapotec-Loxicha---Loxicha-Zapotec-Bible	230	229	0	0	0	0	0	0	0	0	10071	285	0	61	287	282	0	2243	439	15621	7930	951	310	0	0	1	0	0	0	0	0	0	0	0	0	0	0	0	0	0	— ¿ ¡
Holy-Bible---Zaramo---Kizalamo-Bible	201	201	0	0	0	0	0	0	0	0	3885	0	398	398	2174	1916	0	2	0	15304	8710	998	881	0	0	1	0	0	0	0	0	0	0	0	0	0	0	0	0	0	
Holy-Bible---Zinza---Zinza-Bible	210	210	0	0	34	35	0	0	0	0	0	0	392	392	2302	1991	0	27	2	19293	11329	957	1118	0	0	1	0	0	0	0	0	0	0	0	0	0	0	0	0	0	‑
