INDEX	BOOK	CHAPTER	VERSE	INDEX2	BOOK2	CHAPTER2	VERSE2	NOTE
047	2CO	013	015	048	GAL	001	001	offset + 1
048	GAL	001	001	048	GAL	001	002	
048	GAL	001	002	048	GAL	001	003	
048	GAL	001	003	048	GAL	001	004	
048	GAL	001	004	048	GAL	001	005	
048	GAL	001	005	048	GAL	001	006	
048	GAL	001	006	048	GAL	001	007	
048	GAL	001	007	048	GAL	001	008	
048	GAL	001	008	048	GAL	001	009	
048	GAL	001	009	048	GAL	001	010	
048	GAL	001	010	048	GAL	001	011	
048	GAL	001	011	048	GAL	001	012	
048	GAL	001	012	048	GAL	001	013	
048	GAL	001	013	048	GAL	001	014	
048	GAL	001	014	048	GAL	001	015	
048	GAL	001	015	048	GAL	001	016	
048	GAL	001	016	048	GAL	001	017	
048	GAL	001	017	048	GAL	001	018	
048	GAL	001	018	048	GAL	001	019	
048	GAL	001	019	048	GAL	001	020	
048	GAL	001	020	048	GAL	001	021	
048	GAL	001	021	048	GAL	001	022	
048	GAL	001	022	048	GAL	001	023	
048	GAL	001	023	048	GAL	001	024	
048	GAL	001	024	048	GAL	002	001	
048	GAL	002	001	048	GAL	002	002	
048	GAL	002	002	048	GAL	002	003	
048	GAL	002	003	048	GAL	002	004	
048	GAL	002	004	048	GAL	002	005	
048	GAL	002	005	048	GAL	002	006	
048	GAL	002	006	048	GAL	002	007	
048	GAL	002	007	048	GAL	002	008	
048	GAL	002	008	048	GAL	002	009	
048	GAL	002	009	048	GAL	002	010	
048	GAL	002	010	048	GAL	002	011	
048	GAL	002	011	048	GAL	002	012	
048	GAL	002	012	048	GAL	002	013	
048	GAL	002	013	048	GAL	002	014	
048	GAL	002	014	048	GAL	002	015	
048	GAL	002	015	048	GAL	002	016	
048	GAL	002	016	048	GAL	002	017	
048	GAL	002	017	048	GAL	002	018	
048	GAL	002	018	048	GAL	002	019	
048	GAL	002	019	048	GAL	002	020	
048	GAL	002	020	048	GAL	002	021	
048	GAL	002	021	048	GAL	003	001	
048	GAL	003	001	048	GAL	003	002	
048	GAL	003	002	048	GAL	003	003	
048	GAL	003	003	048	GAL	003	004	
048	GAL	003	004	048	GAL	003	005	
048	GAL	003	005	048	GAL	003	006	
048	GAL	003	006	048	GAL	003	007	
048	GAL	003	007	048	GAL	003	008	
048	GAL	003	008	048	GAL	003	009	
048	GAL	003	009	048	GAL	003	010	
048	GAL	003	010	048	GAL	003	011	
048	GAL	003	011	048	GAL	003	012	
048	GAL	003	012	048	GAL	003	013	
048	GAL	003	013	048	GAL	003	014	
048	GAL	003	014	048	GAL	003	015	
048	GAL	003	015	048	GAL	003	016	
048	GAL	003	016	048	GAL	003	017	
048	GAL	003	017	048	GAL	003	018	
048	GAL	003	018	048	GAL	003	019	
048	GAL	003	019	048	GAL	003	020	
048	GAL	003	020	048	GAL	003	021	
048	GAL	003	021	048	GAL	003	022	
048	GAL	003	022	048	GAL	003	023	
048	GAL	003	023	048	GAL	003	024	
048	GAL	003	024	048	GAL	003	025	
048	GAL	003	025	048	GAL	003	026	
048	GAL	003	026	048	GAL	003	027	
048	GAL	003	027	048	GAL	003	028	
048	GAL	003	028	048	GAL	003	029	
048	GAL	003	029	048	GAL	004	001	
048	GAL	004	001	048	GAL	004	002	
048	GAL	004	002	048	GAL	004	003	
048	GAL	004	003	048	GAL	004	004	
048	GAL	004	004	048	GAL	004	005	
048	GAL	004	005	048	GAL	004	006	
048	GAL	004	006	048	GAL	004	007	
048	GAL	004	007	048	GAL	004	008	
048	GAL	004	008	048	GAL	004	009	
048	GAL	004	009	048	GAL	004	010	
048	GAL	004	010	048	GAL	004	011	
048	GAL	004	011	048	GAL	004	012	
048	GAL	004	012	048	GAL	004	013	
048	GAL	004	013	048	GAL	004	014	
048	GAL	004	014	048	GAL	004	015	
048	GAL	004	015	048	GAL	004	016	
048	GAL	004	016	048	GAL	004	017	
048	GAL	004	017	048	GAL	004	018	
048	GAL	004	018	048	GAL	004	019	
048	GAL	004	019	048	GAL	004	020	
048	GAL	004	020	048	GAL	004	021	
048	GAL	004	021	048	GAL	004	022	
048	GAL	004	022	048	GAL	004	023	
048	GAL	004	023	048	GAL	004	024	
048	GAL	004	024	048	GAL	004	025	
048	GAL	004	025	048	GAL	004	026	
048	GAL	004	026	048	GAL	004	027	
048	GAL	004	027	048	GAL	004	028	
048	GAL	004	028	048	GAL	004	029	
048	GAL	004	029	048	GAL	004	030	
048	GAL	004	030	048	GAL	004	031	
048	GAL	004	031	048	GAL	005	001	
048	GAL	005	001	048	GAL	005	002	
048	GAL	005	002	048	GAL	005	003	
048	GAL	005	003	048	GAL	005	004	
048	GAL	005	004	048	GAL	005	005	
048	GAL	005	005	048	GAL	005	006	
048	GAL	005	006	048	GAL	005	007	
048	GAL	005	007	048	GAL	005	008	
048	GAL	005	008	048	GAL	005	009	
048	GAL	005	009	048	GAL	005	010	
048	GAL	005	010	048	GAL	005	011	
048	GAL	005	011	048	GAL	005	012	
048	GAL	005	012	048	GAL	005	013	
048	GAL	005	013	048	GAL	005	014	
048	GAL	005	014	048	GAL	005	015	
048	GAL	005	015	048	GAL	005	016	
048	GAL	005	016	048	GAL	005	017	
048	GAL	005	017	048	GAL	005	018	
048	GAL	005	018	048	GAL	005	019	
048	GAL	005	019	048	GAL	005	020	
048	GAL	005	020	048	GAL	005	021	
048	GAL	005	021	048	GAL	005	022	
048	GAL	005	022	048	GAL	005	023	
048	GAL	005	023	048	GAL	005	024	
048	GAL	005	024	048	GAL	005	025	
048	GAL	005	025	048	GAL	005	026	
048	GAL	005	026	048	GAL	006	001	
048	GAL	006	001	048	GAL	006	002	
048	GAL	006	002	048	GAL	006	003	
048	GAL	006	003	048	GAL	006	004	
048	GAL	006	004	048	GAL	006	005	
048	GAL	006	005	048	GAL	006	006	
048	GAL	006	006	048	GAL	006	007	
048	GAL	006	007	048	GAL	006	008	
048	GAL	006	008	048	GAL	006	009	
048	GAL	006	009	048	GAL	006	010	
048	GAL	006	010	048	GAL	006	011	
048	GAL	006	011	048	GAL	006	012	
048	GAL	006	012	048	GAL	006	013	
048	GAL	006	013	048	GAL	006	014	
048	GAL	006	014	048	GAL	006	015	
048	GAL	006	015	048	GAL	006	016	
048	GAL	006	016	048	GAL	006	017	
048	GAL	006	017	048	GAL	006	018	
048	GAL	006	018	049	EPH	001	001	
049	EPH	001	001	049	EPH	001	002	
049	EPH	001	002	049	EPH	001	003	
049	EPH	001	003	049	EPH	001	004	
049	EPH	001	004	049	EPH	001	005	
049	EPH	001	005	049	EPH	001	006	
049	EPH	001	006	049	EPH	001	007	
049	EPH	001	007	049	EPH	001	008	
049	EPH	001	008	049	EPH	001	009	
049	EPH	001	009	049	EPH	001	010	
049	EPH	001	010	049	EPH	001	011	
049	EPH	001	011	049	EPH	001	012	
049	EPH	001	012	049	EPH	001	013	
049	EPH	001	013	049	EPH	001	014	
049	EPH	001	014	049	EPH	001	015	
049	EPH	001	015	049	EPH	001	016	
049	EPH	001	016	049	EPH	001	017	
049	EPH	001	017	049	EPH	001	018	
049	EPH	001	018	049	EPH	001	019	
049	EPH	001	019	049	EPH	001	020	
049	EPH	001	020	049	EPH	001	021	
049	EPH	001	021	049	EPH	001	022	
049	EPH	001	022	049	EPH	001	023	
049	EPH	001	023	049	EPH	002	001	
049	EPH	002	001	049	EPH	002	002	
049	EPH	002	002	049	EPH	002	003	
049	EPH	002	003	049	EPH	002	004	
049	EPH	002	004	049	EPH	002	005	
049	EPH	002	005	049	EPH	002	006	
049	EPH	002	006	049	EPH	002	007	
049	EPH	002	007	049	EPH	002	008	
049	EPH	002	008	049	EPH	002	009	
049	EPH	002	009	049	EPH	002	010	
049	EPH	002	010	049	EPH	002	011	
049	EPH	002	011	049	EPH	002	012	
049	EPH	002	012	049	EPH	002	013	
049	EPH	002	013	049	EPH	002	014	
049	EPH	002	014	049	EPH	002	015	
049	EPH	002	015	049	EPH	002	016	
049	EPH	002	016	049	EPH	002	017	
049	EPH	002	017	049	EPH	002	018	
049	EPH	002	018	049	EPH	002	019	
049	EPH	002	019	049	EPH	002	020	
049	EPH	002	020	049	EPH	002	021	
049	EPH	002	021	049	EPH	002	022	
049	EPH	002	022	049	EPH	003	001	
049	EPH	003	001	049	EPH	003	002	
049	EPH	003	002	049	EPH	003	003	
049	EPH	003	003	049	EPH	003	004	
049	EPH	003	004	049	EPH	003	005	
049	EPH	003	005	049	EPH	003	006	
049	EPH	003	006	049	EPH	003	007	
049	EPH	003	007	049	EPH	003	008	
049	EPH	003	008	049	EPH	003	009	
049	EPH	003	009	049	EPH	003	010	
049	EPH	003	010	049	EPH	003	011	
049	EPH	003	011	049	EPH	003	012	
049	EPH	003	012	049	EPH	003	013	
049	EPH	003	013	049	EPH	003	014	
049	EPH	003	014	049	EPH	003	015	
049	EPH	003	015	049	EPH	003	016	
049	EPH	003	016	049	EPH	003	017	
049	EPH	003	017	049	EPH	003	018	
049	EPH	003	018	049	EPH	003	019	
049	EPH	003	019	049	EPH	003	020	
049	EPH	003	020	049	EPH	003	021	
049	EPH	003	021	049	EPH	004	001	
049	EPH	004	001	049	EPH	004	002	
049	EPH	004	002	049	EPH	004	003	
049	EPH	004	003	049	EPH	004	004	
049	EPH	004	004	049	EPH	004	005	
049	EPH	004	005	049	EPH	004	006	
049	EPH	004	006	049	EPH	004	007	
049	EPH	004	007	049	EPH	004	008	
049	EPH	004	008	049	EPH	004	009	
049	EPH	004	009	049	EPH	004	010	
049	EPH	004	010	049	EPH	004	011	
049	EPH	004	011	049	EPH	004	012	
049	EPH	004	012	049	EPH	004	013	
049	EPH	004	013	049	EPH	004	014	
049	EPH	004	014	049	EPH	004	015	
049	EPH	004	015	049	EPH	004	016	
049	EPH	004	016	049	EPH	004	017	
049	EPH	004	017	049	EPH	004	018	
049	EPH	004	018	049	EPH	004	019	
049	EPH	004	019	049	EPH	004	020	
049	EPH	004	020	049	EPH	004	021	
049	EPH	004	021	049	EPH	004	022	
049	EPH	004	022	049	EPH	004	023	
049	EPH	004	023	049	EPH	004	024	
049	EPH	004	024	049	EPH	004	025	
049	EPH	004	025	049	EPH	004	026	
049	EPH	004	026	049	EPH	004	027	
049	EPH	004	027	049	EPH	004	028	
049	EPH	004	028	049	EPH	004	029	
049	EPH	004	029	049	EPH	004	030	
049	EPH	004	030	049	EPH	004	031	
049	EPH	004	031	049	EPH	004	032	
049	EPH	004	032	049	EPH	005	001	
049	EPH	005	001	049	EPH	005	002	
049	EPH	005	002	049	EPH	005	003	
049	EPH	005	003	049	EPH	005	004	
049	EPH	005	004	049	EPH	005	005	
049	EPH	005	005	049	EPH	005	006	
049	EPH	005	006	049	EPH	005	007	
049	EPH	005	007	049	EPH	005	008	
049	EPH	005	008	049	EPH	005	009	
049	EPH	005	009	049	EPH	005	010	
049	EPH	005	010	049	EPH	005	011	
049	EPH	005	011	049	EPH	005	012	
049	EPH	005	012	049	EPH	005	013	
049	EPH	005	013	049	EPH	005	014	
049	EPH	005	014	049	EPH	005	015	
049	EPH	005	015	049	EPH	005	016	
049	EPH	005	016	049	EPH	005	017	
049	EPH	005	017	049	EPH	005	018	
049	EPH	005	018	049	EPH	005	019	
049	EPH	005	019	049	EPH	005	020	
049	EPH	005	020	049	EPH	005	021	
049	EPH	005	021	049	EPH	005	022	
049	EPH	005	022	049	EPH	005	023	
049	EPH	005	023	049	EPH	005	024	
049	EPH	005	024	049	EPH	005	025	
049	EPH	005	025	049	EPH	005	026	
049	EPH	005	026	049	EPH	005	027	
049	EPH	005	027	049	EPH	005	028	
049	EPH	005	028	049	EPH	005	029	
049	EPH	005	029	049	EPH	005	030	
049	EPH	005	030	049	EPH	005	031	
049	EPH	005	031	049	EPH	005	032	
049	EPH	005	032	049	EPH	005	033	
049	EPH	005	033	049	EPH	006	001	
049	EPH	006	001	049	EPH	006	002	
049	EPH	006	002	049	EPH	006	003	
049	EPH	006	003	049	EPH	006	004	
049	EPH	006	004	049	EPH	006	005	
049	EPH	006	005	049	EPH	006	006	
049	EPH	006	006	049	EPH	006	007	
049	EPH	006	007	049	EPH	006	008	
049	EPH	006	008	049	EPH	006	009	
049	EPH	006	009	049	EPH	006	010	
049	EPH	006	010	049	EPH	006	011	
049	EPH	006	011	049	EPH	006	012	
049	EPH	006	012	049	EPH	006	013	
049	EPH	006	013	049	EPH	006	014	
049	EPH	006	014	049	EPH	006	015	
049	EPH	006	015	049	EPH	006	016	
049	EPH	006	016	049	EPH	006	017	
049	EPH	006	017	049	EPH	006	018	
049	EPH	006	018	049	EPH	006	019	
049	EPH	006	019	049	EPH	006	020	
049	EPH	006	020	049	EPH	006	021	
049	EPH	006	021	049	EPH	006	022	
049	EPH	006	022	049	EPH	006	023	
049	EPH	006	023	049	EPH	006	024	
049	EPH	006	024	050	PHI	001	001	
050	PHI	001	001	050	PHI	001	002	
050	PHI	001	002	050	PHI	001	003	
050	PHI	001	003	050	PHI	001	004	
050	PHI	001	004	050	PHI	001	005	
050	PHI	001	005	050	PHI	001	006	
050	PHI	001	006	050	PHI	001	007	
050	PHI	001	007	050	PHI	001	008	
050	PHI	001	008	050	PHI	001	009	
050	PHI	001	009	050	PHI	001	010	
050	PHI	001	010	050	PHI	001	011	
050	PHI	001	011	050	PHI	001	012	
050	PHI	001	012	050	PHI	001	013	
050	PHI	001	013	050	PHI	001	014	
050	PHI	001	014	050	PHI	001	015	
050	PHI	001	015	050	PHI	001	016	
050	PHI	001	016	050	PHI	001	017	
050	PHI	001	017	050	PHI	001	018	
050	PHI	001	018	050	PHI	001	019	
050	PHI	001	019	050	PHI	001	020	
050	PHI	001	020	050	PHI	001	021	
050	PHI	001	021	050	PHI	001	022	
050	PHI	001	022	050	PHI	001	023	
050	PHI	001	023	050	PHI	001	024	
050	PHI	001	024	050	PHI	001	025	
050	PHI	001	025	050	PHI	001	026	
050	PHI	001	026	050	PHI	001	027	
050	PHI	001	027	050	PHI	001	028	
050	PHI	001	028	050	PHI	001	029	
050	PHI	001	029	050	PHI	001	030	
050	PHI	001	030	050	PHI	002	001	
050	PHI	002	001	050	PHI	002	002	
050	PHI	002	002	050	PHI	002	003	
050	PHI	002	003	050	PHI	002	004	
050	PHI	002	004	050	PHI	002	005	
050	PHI	002	005	050	PHI	002	006	
050	PHI	002	006	050	PHI	002	007	
050	PHI	002	007	050	PHI	002	008	
050	PHI	002	008	050	PHI	002	009	
050	PHI	002	009	050	PHI	002	010	
050	PHI	002	010	050	PHI	002	011	
050	PHI	002	011	050	PHI	002	012	
050	PHI	002	012	050	PHI	002	013	
050	PHI	002	013	050	PHI	002	014	
050	PHI	002	014	050	PHI	002	015	
050	PHI	002	015	050	PHI	002	016	
050	PHI	002	016	050	PHI	002	017	
050	PHI	002	017	050	PHI	002	018	
050	PHI	002	018	050	PHI	002	019	
050	PHI	002	019	050	PHI	002	020	
050	PHI	002	020	050	PHI	002	021	
050	PHI	002	021	050	PHI	002	022	
050	PHI	002	022	050	PHI	002	023	
050	PHI	002	023	050	PHI	002	024	
050	PHI	002	024	050	PHI	002	025	
050	PHI	002	025	050	PHI	002	026	
050	PHI	002	026	050	PHI	002	027	
050	PHI	002	027	050	PHI	002	028	
050	PHI	002	028	050	PHI	002	029	
050	PHI	002	029	050	PHI	002	030	
050	PHI	002	030	050	PHI	003	001	
050	PHI	003	001	050	PHI	003	002	
050	PHI	003	002	050	PHI	003	003	
050	PHI	003	003	050	PHI	003	004	
050	PHI	003	004	050	PHI	003	005	
050	PHI	003	005	050	PHI	003	006	
050	PHI	003	006	050	PHI	003	007	
050	PHI	003	007	050	PHI	003	008	
050	PHI	003	008	050	PHI	003	009	
050	PHI	003	009	050	PHI	003	010	
050	PHI	003	010	050	PHI	003	011	
050	PHI	003	011	050	PHI	003	012	
050	PHI	003	012	050	PHI	003	013	
050	PHI	003	013	050	PHI	003	014	
050	PHI	003	014	050	PHI	003	015	
050	PHI	003	015	050	PHI	003	016	
050	PHI	003	016	050	PHI	003	017	
050	PHI	003	017	050	PHI	003	018	
050	PHI	003	018	050	PHI	003	019	
050	PHI	003	019	050	PHI	003	020	
050	PHI	003	020	050	PHI	003	021	
050	PHI	003	021	050	PHI	004	001	
050	PHI	004	001	050	PHI	004	002	
050	PHI	004	002	050	PHI	004	003	
050	PHI	004	003	050	PHI	004	004	
050	PHI	004	004	050	PHI	004	005	
050	PHI	004	005	050	PHI	004	006	
050	PHI	004	006	050	PHI	004	007	
050	PHI	004	007	050	PHI	004	008	
050	PHI	004	008	050	PHI	004	009	
050	PHI	004	009	050	PHI	004	010	
050	PHI	004	010	050	PHI	004	011	
050	PHI	004	011	050	PHI	004	012	
050	PHI	004	012	050	PHI	004	013	
050	PHI	004	013	050	PHI	004	014	
050	PHI	004	014	050	PHI	004	015	
050	PHI	004	015	050	PHI	004	016	
050	PHI	004	016	050	PHI	004	017	
050	PHI	004	017	050	PHI	004	018	
050	PHI	004	018	050	PHI	004	019	
050	PHI	004	019	050	PHI	004	020	
050	PHI	004	020	050	PHI	004	021	
050	PHI	004	021	050	PHI	004	022	
050	PHI	004	022	050	PHI	004	023	
050	PHI	004	023	051	COL	001	001	
051	COL	001	001	051	COL	001	002	
051	COL	001	002	051	COL	001	003	
051	COL	001	003	051	COL	001	004	
051	COL	001	004	051	COL	001	005	
051	COL	001	005	051	COL	001	006	
051	COL	001	006	051	COL	001	007	
051	COL	001	007	051	COL	001	008	
051	COL	001	008	051	COL	001	009	
051	COL	001	009	051	COL	001	010	
051	COL	001	010	051	COL	001	011	
051	COL	001	011	051	COL	001	012	
051	COL	001	012	051	COL	001	013	
051	COL	001	013	051	COL	001	014	
051	COL	001	014	051	COL	001	015	
051	COL	001	015	051	COL	001	016	
051	COL	001	016	051	COL	001	017	
051	COL	001	017	051	COL	001	018	
051	COL	001	018	051	COL	001	019	
051	COL	001	019	051	COL	001	020	
051	COL	001	020	051	COL	001	021	
051	COL	001	021	051	COL	001	022	
051	COL	001	022	051	COL	001	023	
051	COL	001	023	051	COL	001	024	
051	COL	001	024	051	COL	001	025	
051	COL	001	025	051	COL	001	026	
051	COL	001	026	051	COL	001	027	
051	COL	001	027	051	COL	001	028	
051	COL	001	028	051	COL	001	029	
051	COL	001	029	051	COL	002	001	
051	COL	002	001	051	COL	002	002	
051	COL	002	002	051	COL	002	003	
051	COL	002	003	051	COL	002	004	
051	COL	002	004	051	COL	002	005	
051	COL	002	005	051	COL	002	006	
051	COL	002	006	051	COL	002	007	
051	COL	002	007	051	COL	002	008	
051	COL	002	008	051	COL	002	009	
051	COL	002	009	051	COL	002	010	
051	COL	002	010	051	COL	002	011	
051	COL	002	011	051	COL	002	012	
051	COL	002	012	051	COL	002	013	
051	COL	002	013	051	COL	002	014	
051	COL	002	014	051	COL	002	015	
051	COL	002	015	051	COL	002	016	
051	COL	002	016	051	COL	002	017	
051	COL	002	017	051	COL	002	018	
051	COL	002	018	051	COL	002	019	
051	COL	002	019	051	COL	002	020	
051	COL	002	020	051	COL	002	021	
051	COL	002	021	051	COL	002	022	
051	COL	002	022	051	COL	002	023	
051	COL	002	023	051	COL	003	001	
051	COL	003	001	051	COL	003	002	
051	COL	003	002	051	COL	003	003	
051	COL	003	003	051	COL	003	004	
051	COL	003	004	051	COL	003	005	
051	COL	003	005	051	COL	003	006	
051	COL	003	006	051	COL	003	007	
051	COL	003	007	051	COL	003	008	
051	COL	003	008	051	COL	003	009	
051	COL	003	009	051	COL	003	010	
051	COL	003	010	051	COL	003	011	
051	COL	003	011	051	COL	003	012	
051	COL	003	012	051	COL	003	013	
051	COL	003	013	051	COL	003	014	
051	COL	003	014	051	COL	003	015	
051	COL	003	015	051	COL	003	016	
051	COL	003	016	051	COL	003	017	
051	COL	003	017	051	COL	003	018	
051	COL	003	018	051	COL	003	019	
051	COL	003	019	051	COL	003	020	
051	COL	003	020	051	COL	003	021	
051	COL	003	021	051	COL	003	022	
051	COL	003	022	051	COL	003	023	
051	COL	003	023	051	COL	003	024	
051	COL	003	024	051	COL	003	025	
051	COL	003	025	051	COL	004	001	
051	COL	004	001	051	COL	004	002	
051	COL	004	002	051	COL	004	003	
051	COL	004	003	051	COL	004	004	
051	COL	004	004	051	COL	004	005	
051	COL	004	005	051	COL	004	006	
051	COL	004	006	051	COL	004	007	
051	COL	004	007	051	COL	004	008	
051	COL	004	008	051	COL	004	009	
051	COL	004	009	051	COL	004	010	
051	COL	004	010	051	COL	004	011	
051	COL	004	011	051	COL	004	012	
051	COL	004	012	051	COL	004	013	
051	COL	004	013	051	COL	004	014	
051	COL	004	014	051	COL	004	015	
051	COL	004	015	051	COL	004	016	
051	COL	004	016	051	COL	004	017	
051	COL	004	017	051	COL	004	018	
051	COL	004	018	052	1TH	001	001	
052	1TH	001	001	052	1TH	001	002	
052	1TH	001	002	052	1TH	001	003	
052	1TH	001	003	052	1TH	001	004	
052	1TH	001	004	052	1TH	001	005	
052	1TH	001	005	052	1TH	001	006	
052	1TH	001	006	052	1TH	001	007	
052	1TH	001	007	052	1TH	001	008	
052	1TH	001	008	052	1TH	001	009	
052	1TH	001	009	052	1TH	001	010	
052	1TH	001	010	052	1TH	002	001	
052	1TH	002	001	052	1TH	002	002	
052	1TH	002	002	052	1TH	002	003	
052	1TH	002	003	052	1TH	002	004	
052	1TH	002	004	052	1TH	002	005	
052	1TH	002	005	052	1TH	002	006	
052	1TH	002	006	052	1TH	002	007	
052	1TH	002	007	052	1TH	002	008	
052	1TH	002	008	052	1TH	002	009	
052	1TH	002	009	052	1TH	002	010	
052	1TH	002	010	052	1TH	002	011	
052	1TH	002	011	052	1TH	002	012	
052	1TH	002	012	052	1TH	002	013	
052	1TH	002	013	052	1TH	002	014	
052	1TH	002	014	052	1TH	002	015	
052	1TH	002	015	052	1TH	002	016	
052	1TH	002	016	052	1TH	002	017	
052	1TH	002	017	052	1TH	002	018	
052	1TH	002	018	052	1TH	002	019	
052	1TH	002	019	052	1TH	002	020	
052	1TH	002	020	052	1TH	003	001	
052	1TH	003	001	052	1TH	003	002	
052	1TH	003	002	052	1TH	003	003	
052	1TH	003	003	052	1TH	003	004	
052	1TH	003	004	052	1TH	003	005	
052	1TH	003	005	052	1TH	003	006	
052	1TH	003	006	052	1TH	003	007	
052	1TH	003	007	052	1TH	003	008	
052	1TH	003	008	052	1TH	003	009	
052	1TH	003	009	052	1TH	003	010	
052	1TH	003	010	052	1TH	003	011	
052	1TH	003	011	052	1TH	003	012	
052	1TH	003	012	052	1TH	003	013	
052	1TH	003	013	052	1TH	004	001	
052	1TH	004	001	052	1TH	004	002	
052	1TH	004	002	052	1TH	004	003	
052	1TH	004	003	052	1TH	004	004	
052	1TH	004	004	052	1TH	004	005	
052	1TH	004	005	052	1TH	004	006	
052	1TH	004	006	052	1TH	004	007	
052	1TH	004	007	052	1TH	004	008	
052	1TH	004	008	052	1TH	004	009	
052	1TH	004	009	052	1TH	004	010	
052	1TH	004	010	052	1TH	004	011	
052	1TH	004	011	052	1TH	004	012	
052	1TH	004	012	052	1TH	004	013	
052	1TH	004	013	052	1TH	004	014	
052	1TH	004	014	052	1TH	004	015	
052	1TH	004	015	052	1TH	004	016	
052	1TH	004	016	052	1TH	004	017	
052	1TH	004	017	052	1TH	004	018	
052	1TH	004	018	052	1TH	005	001	
052	1TH	005	001	052	1TH	005	002	
052	1TH	005	002	052	1TH	005	003	
052	1TH	005	003	052	1TH	005	004	
052	1TH	005	004	052	1TH	005	005	
052	1TH	005	005	052	1TH	005	006	
052	1TH	005	006	052	1TH	005	007	
052	1TH	005	007	052	1TH	005	008	
052	1TH	005	008	052	1TH	005	009	
052	1TH	005	009	052	1TH	005	010	
052	1TH	005	010	052	1TH	005	011	
052	1TH	005	011	052	1TH	005	012	
052	1TH	005	012	052	1TH	005	013	
052	1TH	005	013	052	1TH	005	014	
052	1TH	005	014	052	1TH	005	015	
052	1TH	005	015	052	1TH	005	016	
052	1TH	005	016	052	1TH	005	017	
052	1TH	005	017	052	1TH	005	018	
052	1TH	005	018	052	1TH	005	019	
052	1TH	005	019	052	1TH	005	020	
052	1TH	005	020	052	1TH	005	021	
052	1TH	005	021	052	1TH	005	022	
052	1TH	005	022	052	1TH	005	023	
052	1TH	005	023	052	1TH	005	024	
052	1TH	005	024	052	1TH	005	025	
052	1TH	005	025	052	1TH	005	026	
052	1TH	005	026	052	1TH	005	027	
052	1TH	005	027	052	1TH	005	028	
052	1TH	005	028	053	2TH	001	001	
053	2TH	001	001	053	2TH	001	002	
053	2TH	001	002	053	2TH	001	003	
053	2TH	001	003	053	2TH	001	004	
053	2TH	001	004	053	2TH	001	005	
053	2TH	001	005	053	2TH	001	006	
053	2TH	001	006	053	2TH	001	007	
053	2TH	001	007	053	2TH	001	008	
053	2TH	001	008	053	2TH	001	009	
053	2TH	001	009	053	2TH	001	010	
053	2TH	001	010	053	2TH	001	011	
053	2TH	001	011	053	2TH	001	012	
053	2TH	001	012	053	2TH	002	001	
053	2TH	002	001	053	2TH	002	002	
053	2TH	002	002	053	2TH	002	003	
053	2TH	002	003	053	2TH	002	004	
053	2TH	002	004	053	2TH	002	005	
053	2TH	002	005	053	2TH	002	006	
053	2TH	002	006	053	2TH	002	007	
053	2TH	002	007	053	2TH	002	008	
053	2TH	002	008	053	2TH	002	009	
053	2TH	002	009	053	2TH	002	010	
053	2TH	002	010	053	2TH	002	011	
053	2TH	002	011	053	2TH	002	012	
053	2TH	002	012	053	2TH	002	013	
053	2TH	002	013	053	2TH	002	014	
053	2TH	002	014	053	2TH	002	015	
053	2TH	002	015	053	2TH	002	016	
053	2TH	002	016	053	2TH	002	017	
053	2TH	002	017	053	2TH	003	001	
053	2TH	003	001	053	2TH	003	002	
053	2TH	003	002	053	2TH	003	003	
053	2TH	003	003	053	2TH	003	004	
053	2TH	003	004	053	2TH	003	005	
053	2TH	003	005	053	2TH	003	006	
053	2TH	003	006	053	2TH	003	007	
053	2TH	003	007	053	2TH	003	008	
053	2TH	003	008	053	2TH	003	009	
053	2TH	003	009	053	2TH	003	010	
053	2TH	003	010	053	2TH	003	011	
053	2TH	003	011	053	2TH	003	012	
053	2TH	003	012	053	2TH	003	013	
053	2TH	003	013	053	2TH	003	014	
053	2TH	003	014	053	2TH	003	015	
053	2TH	003	015	053	2TH	003	016	
053	2TH	003	016	053	2TH	003	017	
053	2TH	003	017	053	2TH	003	018	
053	2TH	003	018	054	1TI	001	001	
054	1TI	001	001	054	1TI	001	002	
054	1TI	001	002	054	1TI	001	003	
054	1TI	001	003	054	1TI	001	004	
054	1TI	001	004	054	1TI	001	005	
054	1TI	001	005	054	1TI	001	006	
054	1TI	001	006	054	1TI	001	007	
054	1TI	001	007	054	1TI	001	008	
054	1TI	001	008	054	1TI	001	009	
054	1TI	001	009	054	1TI	001	010	
054	1TI	001	010	054	1TI	001	011	
054	1TI	001	011	054	1TI	001	012	
054	1TI	001	012	054	1TI	001	013	
054	1TI	001	013	054	1TI	001	014	
054	1TI	001	014	054	1TI	001	015	
054	1TI	001	015	054	1TI	001	016	
054	1TI	001	016	054	1TI	001	017	
054	1TI	001	017	054	1TI	001	018	
054	1TI	001	018	054	1TI	001	019	
054	1TI	001	019	054	1TI	001	020	
054	1TI	001	020	054	1TI	002	001	
054	1TI	002	001	054	1TI	002	002	
054	1TI	002	002	054	1TI	002	003	
054	1TI	002	003	054	1TI	002	004	
054	1TI	002	004	054	1TI	002	005	
054	1TI	002	005	054	1TI	002	006	
054	1TI	002	006	054	1TI	002	007	
054	1TI	002	007	054	1TI	002	008	
054	1TI	002	008	054	1TI	002	009	
054	1TI	002	009	054	1TI	002	010	
054	1TI	002	010	054	1TI	002	011	
054	1TI	002	011	054	1TI	002	012	
054	1TI	002	012	054	1TI	002	013	
054	1TI	002	013	054	1TI	002	014	
054	1TI	002	014	054	1TI	002	015	
054	1TI	002	015	054	1TI	003	001	
054	1TI	003	001	054	1TI	003	002	
054	1TI	003	002	054	1TI	003	003	
054	1TI	003	003	054	1TI	003	004	
054	1TI	003	004	054	1TI	003	005	
054	1TI	003	005	054	1TI	003	006	
054	1TI	003	006	054	1TI	003	007	
054	1TI	003	007	054	1TI	003	008	
054	1TI	003	008	054	1TI	003	009	
054	1TI	003	009	054	1TI	003	010	
054	1TI	003	010	054	1TI	003	011	
054	1TI	003	011	054	1TI	003	012	
054	1TI	003	012	054	1TI	003	013	
054	1TI	003	013	054	1TI	003	014	
054	1TI	003	014	054	1TI	003	015	
054	1TI	003	015	054	1TI	003	016	
054	1TI	003	016	054	1TI	004	001	
054	1TI	004	001	054	1TI	004	002	
054	1TI	004	002	054	1TI	004	003	
054	1TI	004	003	054	1TI	004	004	
054	1TI	004	004	054	1TI	004	005	
054	1TI	004	005	054	1TI	004	006	
054	1TI	004	006	054	1TI	004	007	
054	1TI	004	007	054	1TI	004	008	
054	1TI	004	008	054	1TI	004	009	
054	1TI	004	009	054	1TI	004	010	
054	1TI	004	010	054	1TI	004	011	
054	1TI	004	011	054	1TI	004	012	
054	1TI	004	012	054	1TI	004	013	
054	1TI	004	013	054	1TI	004	014	
054	1TI	004	014	054	1TI	004	015	
054	1TI	004	015	054	1TI	004	016	
054	1TI	004	016	054	1TI	005	001	
054	1TI	005	001	054	1TI	005	002	
054	1TI	005	002	054	1TI	005	003	
054	1TI	005	003	054	1TI	005	004	
054	1TI	005	004	054	1TI	005	005	
054	1TI	005	005	054	1TI	005	006	
054	1TI	005	006	054	1TI	005	007	
054	1TI	005	007	054	1TI	005	008	
054	1TI	005	008	054	1TI	005	009	
054	1TI	005	009	054	1TI	005	010	
054	1TI	005	010	054	1TI	005	011	
054	1TI	005	011	054	1TI	005	012	
054	1TI	005	012	054	1TI	005	013	
054	1TI	005	013	054	1TI	005	014	
054	1TI	005	014	054	1TI	005	015	
054	1TI	005	015	054	1TI	005	016	
054	1TI	005	016	054	1TI	005	017	
054	1TI	005	017	054	1TI	005	018	
054	1TI	005	018	054	1TI	005	019	
054	1TI	005	019	054	1TI	005	020	
054	1TI	005	020	054	1TI	005	021	
054	1TI	005	021	054	1TI	005	022	
054	1TI	005	022	054	1TI	005	023	
054	1TI	005	023	054	1TI	005	024	
054	1TI	005	024	054	1TI	005	025	
054	1TI	005	025	054	1TI	006	001	
054	1TI	006	001	054	1TI	006	002	
054	1TI	006	002	054	1TI	006	003	
054	1TI	006	003	054	1TI	006	004	
054	1TI	006	004	054	1TI	006	005	
054	1TI	006	005	054	1TI	006	006	
054	1TI	006	006	054	1TI	006	007	
054	1TI	006	007	054	1TI	006	008	
054	1TI	006	008	054	1TI	006	009	
054	1TI	006	009	054	1TI	006	010	
054	1TI	006	010	054	1TI	006	011	
054	1TI	006	011	054	1TI	006	012	
054	1TI	006	012	054	1TI	006	013	
054	1TI	006	013	054	1TI	006	014	
054	1TI	006	014	054	1TI	006	015	
054	1TI	006	015	054	1TI	006	016	
054	1TI	006	016	054	1TI	006	017	
054	1TI	006	017	054	1TI	006	018	
054	1TI	006	018	054	1TI	006	019	
054	1TI	006	019	054	1TI	006	020	
054	1TI	006	020	054	1TI	006	021	
054	1TI	006	021	055	2TI	001	001	
055	2TI	001	001	055	2TI	001	002	
055	2TI	001	002	055	2TI	001	003	
055	2TI	001	003	055	2TI	001	004	
055	2TI	001	004	055	2TI	001	005	
055	2TI	001	005	055	2TI	001	006	
055	2TI	001	006	055	2TI	001	007	
055	2TI	001	007	055	2TI	001	008	
055	2TI	001	008	055	2TI	001	009	
055	2TI	001	009	055	2TI	001	010	
055	2TI	001	010	055	2TI	001	011	
055	2TI	001	011	055	2TI	001	012	
055	2TI	001	012	055	2TI	001	013	
055	2TI	001	013	055	2TI	001	014	
055	2TI	001	014	055	2TI	001	015	
055	2TI	001	015	055	2TI	001	016	
055	2TI	001	016	055	2TI	001	017	
055	2TI	001	017	055	2TI	001	018	
055	2TI	001	018	055	2TI	002	001	
055	2TI	002	001	055	2TI	002	002	
055	2TI	002	002	055	2TI	002	003	
055	2TI	002	003	055	2TI	002	004	
055	2TI	002	004	055	2TI	002	005	
055	2TI	002	005	055	2TI	002	006	
055	2TI	002	006	055	2TI	002	007	
055	2TI	002	007	055	2TI	002	008	
055	2TI	002	008	055	2TI	002	009	
055	2TI	002	009	055	2TI	002	010	
055	2TI	002	010	055	2TI	002	011	
055	2TI	002	011	055	2TI	002	012	
055	2TI	002	012	055	2TI	002	013	
055	2TI	002	013	055	2TI	002	014	
055	2TI	002	014	055	2TI	002	015	
055	2TI	002	015	055	2TI	002	016	
055	2TI	002	016	055	2TI	002	017	
055	2TI	002	017	055	2TI	002	018	
055	2TI	002	018	055	2TI	002	019	
055	2TI	002	019	055	2TI	002	020	
055	2TI	002	020	055	2TI	002	021	
055	2TI	002	021	055	2TI	002	022	
055	2TI	002	022	055	2TI	002	023	
055	2TI	002	023	055	2TI	002	024	
055	2TI	002	024	055	2TI	002	025	
055	2TI	002	025	055	2TI	002	026	
055	2TI	002	026	055	2TI	003	001	
055	2TI	003	001	055	2TI	003	002	
055	2TI	003	002	055	2TI	003	003	
055	2TI	003	003	055	2TI	003	004	
055	2TI	003	004	055	2TI	003	005	
055	2TI	003	005	055	2TI	003	006	
055	2TI	003	006	055	2TI	003	007	
055	2TI	003	007	055	2TI	003	008	
055	2TI	003	008	055	2TI	003	009	
055	2TI	003	009	055	2TI	003	010	
055	2TI	003	010	055	2TI	003	011	
055	2TI	003	011	055	2TI	003	012	
055	2TI	003	012	055	2TI	003	013	
055	2TI	003	013	055	2TI	003	014	
055	2TI	003	014	055	2TI	003	015	
055	2TI	003	015	055	2TI	003	016	
055	2TI	003	016	055	2TI	003	017	
055	2TI	003	017	055	2TI	004	001	
055	2TI	004	001	055	2TI	004	002	
055	2TI	004	002	055	2TI	004	003	
055	2TI	004	003	055	2TI	004	004	
055	2TI	004	004	055	2TI	004	005	
055	2TI	004	005	055	2TI	004	006	
055	2TI	004	006	055	2TI	004	007	
055	2TI	004	007	055	2TI	004	008	
055	2TI	004	008	055	2TI	004	009	
055	2TI	004	009	055	2TI	004	010	
055	2TI	004	010	055	2TI	004	011	
055	2TI	004	011	055	2TI	004	012	
055	2TI	004	012	055	2TI	004	013	
055	2TI	004	013	055	2TI	004	014	
055	2TI	004	014	055	2TI	004	015	
055	2TI	004	015	055	2TI	004	016	
055	2TI	004	016	055	2TI	004	017	
055	2TI	004	017	055	2TI	004	018	
055	2TI	004	018	055	2TI	004	019	
055	2TI	004	019	055	2TI	004	020	
055	2TI	004	020	055	2TI	004	021	
055	2TI	004	021	055	2TI	004	022	
055	2TI	004	022	056	TIT	001	001	
056	TIT	001	001	056	TIT	001	002	
056	TIT	001	002	056	TIT	001	003	
056	TIT	001	003	056	TIT	001	004	
056	TIT	001	004	056	TIT	001	005	
056	TIT	001	005	056	TIT	001	006	
056	TIT	001	006	056	TIT	001	007	
056	TIT	001	007	056	TIT	001	008	
056	TIT	001	008	056	TIT	001	009	
056	TIT	001	009	056	TIT	001	010	
056	TIT	001	010	056	TIT	001	011	
056	TIT	001	011	056	TIT	001	012	
056	TIT	001	012	056	TIT	001	013	
056	TIT	001	013	056	TIT	001	014	
056	TIT	001	014	056	TIT	001	015	
056	TIT	001	015	056	TIT	001	016	
056	TIT	001	016	056	TIT	002	001	
056	TIT	002	001	056	TIT	002	002	
056	TIT	002	002	056	TIT	002	003	
056	TIT	002	003	056	TIT	002	004	
056	TIT	002	004	056	TIT	002	005	
056	TIT	002	005	056	TIT	002	006	
056	TIT	002	006	056	TIT	002	007	
056	TIT	002	007	056	TIT	002	008	
056	TIT	002	008	056	TIT	002	009	
056	TIT	002	009	056	TIT	002	010	
056	TIT	002	010	056	TIT	002	011	
056	TIT	002	011	056	TIT	002	012	
056	TIT	002	012	056	TIT	002	013	
056	TIT	002	013	056	TIT	002	014	
056	TIT	002	014	056	TIT	002	015	
056	TIT	002	015	056	TIT	003	001	
056	TIT	003	001	056	TIT	003	002	
056	TIT	003	002	056	TIT	003	003	
056	TIT	003	003	056	TIT	003	004	
056	TIT	003	004	056	TIT	003	005	
056	TIT	003	005	056	TIT	003	006	
056	TIT	003	006	056	TIT	003	007	
056	TIT	003	007	056	TIT	003	008	
056	TIT	003	008	056	TIT	003	009	
056	TIT	003	009	056	TIT	003	010	
056	TIT	003	010	056	TIT	003	011	
056	TIT	003	011	056	TIT	003	012	
056	TIT	003	012	056	TIT	003	013	
056	TIT	003	013	056	TIT	003	014	
056	TIT	003	014	056	TIT	003	015	
056	TIT	003	015	057	PHM	001	001	
057	PHM	001	001	057	PHM	001	002	
057	PHM	001	002	057	PHM	001	003	
057	PHM	001	003	057	PHM	001	004	
057	PHM	001	004	057	PHM	001	005	
057	PHM	001	005	057	PHM	001	006	
057	PHM	001	006	057	PHM	001	007	
057	PHM	001	007	057	PHM	001	008	
057	PHM	001	008	057	PHM	001	009	
057	PHM	001	009	057	PHM	001	010	
057	PHM	001	010	057	PHM	001	011	
057	PHM	001	011	057	PHM	001	012	
057	PHM	001	012	057	PHM	001	013	
057	PHM	001	013	057	PHM	001	014	
057	PHM	001	014	057	PHM	001	015	
057	PHM	001	015	057	PHM	001	016	
057	PHM	001	016	057	PHM	001	017	
057	PHM	001	017	057	PHM	001	018	
057	PHM	001	018	057	PHM	001	019	
057	PHM	001	019	057	PHM	001	020	
057	PHM	001	020	057	PHM	001	021	
057	PHM	001	021	057	PHM	001	022	
057	PHM	001	022	057	PHM	001	023	
057	PHM	001	023	057	PHM	001	024	
057	PHM	001	024	057	PHM	001	025	
057	PHM	001	025	058	HEB	001	001	
058	HEB	001	001	058	HEB	001	002	
058	HEB	001	002	058	HEB	001	003	
058	HEB	001	003	058	HEB	001	004	
058	HEB	001	004	058	HEB	001	005	
058	HEB	001	005	058	HEB	001	006	
058	HEB	001	006	058	HEB	001	007	
058	HEB	001	007	058	HEB	001	008	
058	HEB	001	008	058	HEB	001	009	
058	HEB	001	009	058	HEB	001	010	
058	HEB	001	010	058	HEB	001	011	
058	HEB	001	011	058	HEB	001	012	
058	HEB	001	012	058	HEB	001	013	
058	HEB	001	013	058	HEB	001	014	
058	HEB	001	014	058	HEB	002	001	
058	HEB	002	001	058	HEB	002	002	
058	HEB	002	002	058	HEB	002	003	
058	HEB	002	003	058	HEB	002	004	
058	HEB	002	004	058	HEB	002	005	
058	HEB	002	005	058	HEB	002	006	
058	HEB	002	006	058	HEB	002	007	
058	HEB	002	007	058	HEB	002	008	
058	HEB	002	008	058	HEB	002	009	
058	HEB	002	009	058	HEB	002	010	
058	HEB	002	010	058	HEB	002	011	
058	HEB	002	011	058	HEB	002	012	
058	HEB	002	012	058	HEB	002	013	
058	HEB	002	013	058	HEB	002	014	
058	HEB	002	014	058	HEB	002	015	
058	HEB	002	015	058	HEB	002	016	
058	HEB	002	016	058	HEB	002	017	
058	HEB	002	017	058	HEB	002	018	
058	HEB	002	018	058	HEB	003	001	
058	HEB	003	001	058	HEB	003	002	
058	HEB	003	002	058	HEB	003	003	
058	HEB	003	003	058	HEB	003	004	
058	HEB	003	004	058	HEB	003	005	
058	HEB	003	005	058	HEB	003	006	
058	HEB	003	006	058	HEB	003	007	
058	HEB	003	007	058	HEB	003	008	
058	HEB	003	008	058	HEB	003	009	
058	HEB	003	009	058	HEB	003	010	
058	HEB	003	010	058	HEB	003	011	
058	HEB	003	011	058	HEB	003	012	
058	HEB	003	012	058	HEB	003	013	
058	HEB	003	013	058	HEB	003	014	
058	HEB	003	014	058	HEB	003	015	
058	HEB	003	015	058	HEB	003	016	
058	HEB	003	016	058	HEB	003	017	
058	HEB	003	017	058	HEB	003	018	
058	HEB	003	018	058	HEB	003	019	
058	HEB	003	019	058	HEB	004	001	
058	HEB	004	001	058	HEB	004	002	
058	HEB	004	002	058	HEB	004	003	
058	HEB	004	003	058	HEB	004	004	
058	HEB	004	004	058	HEB	004	005	
058	HEB	004	005	058	HEB	004	006	
058	HEB	004	006	058	HEB	004	007	
058	HEB	004	007	058	HEB	004	008	
058	HEB	004	008	058	HEB	004	009	
058	HEB	004	009	058	HEB	004	010	
058	HEB	004	010	058	HEB	004	011	
058	HEB	004	011	058	HEB	004	012	
058	HEB	004	012	058	HEB	004	013	
058	HEB	004	013	058	HEB	004	014	
058	HEB	004	014	058	HEB	004	015	
058	HEB	004	015	058	HEB	004	016	
058	HEB	004	016	058	HEB	005	001	
058	HEB	005	001	058	HEB	005	002	
058	HEB	005	002	058	HEB	005	003	
058	HEB	005	003	058	HEB	005	004	
058	HEB	005	004	058	HEB	005	005	
058	HEB	005	005	058	HEB	005	006	
058	HEB	005	006	058	HEB	005	007	
058	HEB	005	007	058	HEB	005	008	
058	HEB	005	008	058	HEB	005	009	
058	HEB	005	009	058	HEB	005	010	
058	HEB	005	010	058	HEB	005	011	
058	HEB	005	011	058	HEB	005	012	
058	HEB	005	012	058	HEB	005	013	
058	HEB	005	013	058	HEB	005	014	
058	HEB	005	014	058	HEB	006	001	
058	HEB	006	001	058	HEB	006	002	
058	HEB	006	002	058	HEB	006	003	
058	HEB	006	003	058	HEB	006	004	
058	HEB	006	004	058	HEB	006	005	
058	HEB	006	005	058	HEB	006	006	
058	HEB	006	006	058	HEB	006	007	
058	HEB	006	007	058	HEB	006	008	
058	HEB	006	008	058	HEB	006	009	
058	HEB	006	009	058	HEB	006	010	
058	HEB	006	010	058	HEB	006	011	
058	HEB	006	011	058	HEB	006	012	
058	HEB	006	012	058	HEB	006	013	
058	HEB	006	013	058	HEB	006	014	
058	HEB	006	014	058	HEB	006	015	
058	HEB	006	015	058	HEB	006	016	
058	HEB	006	016	058	HEB	006	017	
058	HEB	006	017	058	HEB	006	018	
058	HEB	006	018	058	HEB	006	019	
058	HEB	006	019	058	HEB	006	020	
058	HEB	006	020	058	HEB	007	001	
058	HEB	007	001	058	HEB	007	002	
058	HEB	007	002	058	HEB	007	003	
058	HEB	007	003	058	HEB	007	004	
058	HEB	007	004	058	HEB	007	005	
058	HEB	007	005	058	HEB	007	006	
058	HEB	007	006	058	HEB	007	007	
058	HEB	007	007	058	HEB	007	008	
058	HEB	007	008	058	HEB	007	009	
058	HEB	007	009	058	HEB	007	010	
058	HEB	007	010	058	HEB	007	011	
058	HEB	007	011	058	HEB	007	012	
058	HEB	007	012	058	HEB	007	013	
058	HEB	007	013	058	HEB	007	014	
058	HEB	007	014	058	HEB	007	015	
058	HEB	007	015	058	HEB	007	016	
058	HEB	007	016	058	HEB	007	017	
058	HEB	007	017	058	HEB	007	018	
058	HEB	007	018	058	HEB	007	019	
058	HEB	007	019	058	HEB	007	020	
058	HEB	007	020	058	HEB	007	021	
058	HEB	007	021	058	HEB	007	022	
058	HEB	007	022	058	HEB	007	023	
058	HEB	007	023	058	HEB	007	024	
058	HEB	007	024	058	HEB	007	025	
058	HEB	007	025	058	HEB	007	026	
058	HEB	007	026	058	HEB	007	027	
058	HEB	007	027	058	HEB	007	028	
058	HEB	007	028	058	HEB	008	001	offset +2
058	HEB	007	029	058	HEB	008	002	
058	HEB	008	001	058	HEB	008	003	
058	HEB	008	002	058	HEB	008	004	
058	HEB	008	003	058	HEB	008	005	
058	HEB	008	004	058	HEB	008	006	
058	HEB	008	005	058	HEB	008	007	
058	HEB	008	006	058	HEB	008	008	
058	HEB	008	007	058	HEB	008	009	
058	HEB	008	008	058	HEB	008	010	
058	HEB	008	009	058	HEB	008	011	
058	HEB	008	010	058	HEB	008	012	
058	HEB	008	011	058	HEB	008	013	
058	HEB	008	012	058	HEB	009	001	
058	HEB	008	013	058	HEB	009	002	
058	HEB	009	001	058	HEB	009	003	
058	HEB	009	002	058	HEB	009	004	
058	HEB	009	003	058	HEB	009	005	
058	HEB	009	004	058	HEB	009	006	
058	HEB	009	005	058	HEB	009	007	
058	HEB	009	006	058	HEB	009	008	
058	HEB	009	007	058	HEB	009	009	
058	HEB	009	008	058	HEB	009	010	
058	HEB	009	009	058	HEB	009	011	
058	HEB	009	010	058	HEB	009	012	
058	HEB	009	011	058	HEB	009	013	
058	HEB	009	012	058	HEB	009	014	
058	HEB	009	013	058	HEB	009	015	
058	HEB	009	014	058	HEB	009	016	
058	HEB	009	015	058	HEB	009	017	
058	HEB	009	016	058	HEB	009	018	
058	HEB	009	017	058	HEB	009	019	
058	HEB	009	018	058	HEB	009	020	
058	HEB	009	019	058	HEB	009	021	
058	HEB	009	020	058	HEB	009	022	
058	HEB	009	021	058	HEB	009	023	
058	HEB	009	022	058	HEB	009	024	
058	HEB	009	023	058	HEB	009	025	
058	HEB	009	024	058	HEB	009	026	
058	HEB	009	025	058	HEB	009	027	
058	HEB	009	026	058	HEB	009	028	
058	HEB	009	027	058	HEB	010	001	
058	HEB	009	028	058	HEB	010	002	
058	HEB	010	001	058	HEB	010	003	
058	HEB	010	002	058	HEB	010	004	
058	HEB	010	003	058	HEB	010	005	
058	HEB	010	004	058	HEB	010	006	
058	HEB	010	005	058	HEB	010	007	
058	HEB	010	006	058	HEB	010	008	
058	HEB	010	007	058	HEB	010	009	
058	HEB	010	008	058	HEB	010	010	
058	HEB	010	009	058	HEB	010	011	
058	HEB	010	010	058	HEB	010	012	
058	HEB	010	011	058	HEB	010	013	
058	HEB	010	012	058	HEB	010	014	
058	HEB	010	013	058	HEB	010	015	
058	HEB	010	014	058	HEB	010	016	
058	HEB	010	015	058	HEB	010	017	
058	HEB	010	016	058	HEB	010	018	
058	HEB	010	017	058	HEB	010	019	
058	HEB	010	018	058	HEB	010	020	
058	HEB	010	019	058	HEB	010	021	
058	HEB	010	020	058	HEB	010	022	
058	HEB	010	021	058	HEB	010	023	
058	HEB	010	022	058	HEB	010	024	
058	HEB	010	023	058	HEB	010	025	
058	HEB	010	024	058	HEB	010	026	
058	HEB	010	025	058	HEB	010	027	
058	HEB	010	026	058	HEB	010	028	
058	HEB	010	027	058	HEB	010	029	
058	HEB	010	028	058	HEB	010	030	
058	HEB	010	029	058	HEB	010	031	
058	HEB	010	030	058	HEB	010	032	
058	HEB	010	031	058	HEB	010	033	
058	HEB	010	032	058	HEB	010	034	
058	HEB	010	033	058	HEB	010	035	
058	HEB	010	034	058	HEB	010	036	
058	HEB	010	035	058	HEB	010	037	
058	HEB	010	036	058	HEB	010	038	
058	HEB	010	037	058	HEB	010	039	
058	HEB	010	038	058	HEB	011	001	
058	HEB	010	039	058	HEB	011	002	
058	HEB	011	001	058	HEB	011	003	
058	HEB	011	002	058	HEB	011	004	
058	HEB	011	003	058	HEB	011	005	
058	HEB	011	004	058	HEB	011	006	
058	HEB	011	005	058	HEB	011	007	
058	HEB	011	006	058	HEB	011	008	
058	HEB	011	007	058	HEB	011	009	
058	HEB	011	008	058	HEB	011	010	
058	HEB	011	009	058	HEB	011	011	
058	HEB	011	010	058	HEB	011	012	
058	HEB	011	011	058	HEB	011	013	
058	HEB	011	012	058	HEB	011	014	
058	HEB	011	013	058	HEB	011	015	
058	HEB	011	014	058	HEB	011	016	
058	HEB	011	015	058	HEB	011	017	
058	HEB	011	016	058	HEB	011	018	
058	HEB	011	017	058	HEB	011	019	
058	HEB	011	018	058	HEB	011	020	
058	HEB	011	019	058	HEB	011	021	
058	HEB	011	020	058	HEB	011	022	
058	HEB	011	021	058	HEB	011	023	
058	HEB	011	022	058	HEB	011	024	
058	HEB	011	023	058	HEB	011	025	
058	HEB	011	024	058	HEB	011	026	
058	HEB	011	025	058	HEB	011	027	
058	HEB	011	026	058	HEB	011	028	
058	HEB	011	027	058	HEB	011	029	
058	HEB	011	028	058	HEB	011	030	
058	HEB	011	029	058	HEB	011	031	
058	HEB	011	030	058	HEB	011	032	
058	HEB	011	031	058	HEB	011	033	
058	HEB	011	032	058	HEB	011	034	
058	HEB	011	033	058	HEB	011	035	
058	HEB	011	034	058	HEB	011	036	
058	HEB	011	035	058	HEB	011	037	
058	HEB	011	036	058	HEB	011	038	
058	HEB	011	037	058	HEB	011	039	
058	HEB	011	038	058	HEB	011	040	
058	HEB	011	039	058	HEB	012	001	
058	HEB	011	040	058	HEB	012	002	
058	HEB	012	001	058	HEB	012	003	
058	HEB	012	002	058	HEB	012	004	
058	HEB	012	003	058	HEB	012	005	
058	HEB	012	004	058	HEB	012	006	
058	HEB	012	005	058	HEB	012	007	
058	HEB	012	006	058	HEB	012	008	
058	HEB	012	007	058	HEB	012	009	
058	HEB	012	008	058	HEB	012	010	
058	HEB	012	009	058	HEB	012	011	
058	HEB	012	010	058	HEB	012	012	
058	HEB	012	011	058	HEB	012	013	
058	HEB	012	012	058	HEB	012	014	
058	HEB	012	013	058	HEB	012	015	
058	HEB	012	014	058	HEB	012	016	
058	HEB	012	015	058	HEB	012	017	
058	HEB	012	016	058	HEB	012	018	
058	HEB	012	017	058	HEB	012	019	
058	HEB	012	018	058	HEB	012	020	
058	HEB	012	019	058	HEB	012	021	
058	HEB	012	020	058	HEB	012	022	
058	HEB	012	021	058	HEB	012	023	
058	HEB	012	022	058	HEB	012	024	
058	HEB	012	023	058	HEB	012	025	
058	HEB	012	024	058	HEB	012	026	
058	HEB	012	025	058	HEB	012	027	
058	HEB	012	026	058	HEB	012	028	
058	HEB	012	027	058	HEB	012	029	
058	HEB	012	028	058	HEB	013	001	
058	HEB	012	029	058	HEB	013	002	
058	HEB	013	001	058	HEB	013	003	
058	HEB	013	002	058	HEB	013	004	
058	HEB	013	003	058	HEB	013	005	
058	HEB	013	004	058	HEB	013	006	
058	HEB	013	005	058	HEB	013	007	
058	HEB	013	006	058	HEB	013	008	
058	HEB	013	007	058	HEB	013	009	
058	HEB	013	008	058	HEB	013	010	
058	HEB	013	009	058	HEB	013	011	
058	HEB	013	010	058	HEB	013	012	
058	HEB	013	011	058	HEB	013	013	
058	HEB	013	012	058	HEB	013	014	
058	HEB	013	013	058	HEB	013	015	
058	HEB	013	014	058	HEB	013	016	
058	HEB	013	015	058	HEB	013	017	
058	HEB	013	016	058	HEB	013	018	
058	HEB	013	017	058	HEB	013	019	
058	HEB	013	018	058	HEB	013	020	
058	HEB	013	019	058	HEB	013	021	
058	HEB	013	020	058	HEB	013	022	
058	HEB	013	021	058	HEB	013	023	
058	HEB	013	022	058	HEB	013	024	
058	HEB	013	023	058	HEB	013	025	
058	HEB	013	024	059	JAM	001	001	
058	HEB	013	025	059	JAM	001	002	
059	JAM	001	001	059	JAM	001	003	
059	JAM	001	002	059	JAM	001	004	
059	JAM	001	003	059	JAM	001	005	
059	JAM	001	004	059	JAM	001	006	
059	JAM	001	005	059	JAM	001	007	
059	JAM	001	006	059	JAM	001	008	
059	JAM	001	007	059	JAM	001	009	
059	JAM	001	008	059	JAM	001	010	
059	JAM	001	009	059	JAM	001	011	
059	JAM	001	010	059	JAM	001	012	
059	JAM	001	011	059	JAM	001	013	
059	JAM	001	012	059	JAM	001	014	
059	JAM	001	013	059	JAM	001	015	
059	JAM	001	014	059	JAM	001	016	
059	JAM	001	015	059	JAM	001	017	
059	JAM	001	016	059	JAM	001	018	
059	JAM	001	017	059	JAM	001	019	
059	JAM	001	018	059	JAM	001	020	
059	JAM	001	019	059	JAM	001	021	
059	JAM	001	020	059	JAM	001	022	
059	JAM	001	021	059	JAM	001	023	
059	JAM	001	022	059	JAM	001	024	
059	JAM	001	023	059	JAM	001	025	
059	JAM	001	024	059	JAM	001	026	
059	JAM	001	025	059	JAM	001	027	
059	JAM	001	026	059	JAM	002	001	
059	JAM	001	027	059	JAM	002	002	
059	JAM	002	001	059	JAM	002	003	
059	JAM	002	002	059	JAM	002	004	
059	JAM	002	003	059	JAM	002	005	
059	JAM	002	004	059	JAM	002	006	
059	JAM	002	005	059	JAM	002	007	
059	JAM	002	006	059	JAM	002	008	
059	JAM	002	007	059	JAM	002	009	
059	JAM	002	008	059	JAM	002	010	
059	JAM	002	009	059	JAM	002	011	
059	JAM	002	010	059	JAM	002	012	
059	JAM	002	011	059	JAM	002	013	
059	JAM	002	012	059	JAM	002	014	
059	JAM	002	013	059	JAM	002	015	
059	JAM	002	014	059	JAM	002	016	
059	JAM	002	015	059	JAM	002	017	
059	JAM	002	016	059	JAM	002	018	
059	JAM	002	017	059	JAM	002	019	
059	JAM	002	018	059	JAM	002	020	
059	JAM	002	019	059	JAM	002	021	
059	JAM	002	020	059	JAM	002	022	
059	JAM	002	021	059	JAM	002	023	
059	JAM	002	022	059	JAM	002	024	
059	JAM	002	023	059	JAM	002	025	
059	JAM	002	024	059	JAM	002	026	
059	JAM	002	025	059	JAM	003	001	
059	JAM	002	026	059	JAM	003	002	
059	JAM	003	001	059	JAM	003	003	
059	JAM	003	002	059	JAM	003	004	
059	JAM	003	003	059	JAM	003	005	
059	JAM	003	004	059	JAM	003	006	
059	JAM	003	005	059	JAM	003	007	
059	JAM	003	006	059	JAM	003	008	
059	JAM	003	007	059	JAM	003	009	
059	JAM	003	008	059	JAM	003	010	
059	JAM	003	009	059	JAM	003	011	
059	JAM	003	010	059	JAM	003	012	
059	JAM	003	011	059	JAM	003	013	
059	JAM	003	012	059	JAM	003	014	
059	JAM	003	013	059	JAM	003	015	
059	JAM	003	014	059	JAM	003	016	
059	JAM	003	015	059	JAM	003	017	
059	JAM	003	016	059	JAM	003	018	
059	JAM	003	017	059	JAM	004	001	
059	JAM	003	018	059	JAM	004	002	
059	JAM	004	001	059	JAM	004	003	
059	JAM	004	002	059	JAM	004	004	
059	JAM	004	003	059	JAM	004	005	
059	JAM	004	004	059	JAM	004	006	
059	JAM	004	005	059	JAM	004	007	
059	JAM	004	006	059	JAM	004	008	
059	JAM	004	007	059	JAM	004	009	
059	JAM	004	008	059	JAM	004	010	
059	JAM	004	009	059	JAM	004	011	
059	JAM	004	010	059	JAM	004	012	
059	JAM	004	011	059	JAM	004	013	
059	JAM	004	012	059	JAM	004	014	
059	JAM	004	013	059	JAM	004	015	
059	JAM	004	014	059	JAM	004	016	
059	JAM	004	015	059	JAM	004	017	
059	JAM	004	016	059	JAM	005	001	
059	JAM	004	017	059	JAM	005	002	
059	JAM	005	001	059	JAM	005	003	
059	JAM	005	002	059	JAM	005	004	
059	JAM	005	003	059	JAM	005	005	
059	JAM	005	004	059	JAM	005	006	
059	JAM	005	005	059	JAM	005	007	
059	JAM	005	006	059	JAM	005	008	
059	JAM	005	007	059	JAM	005	009	
059	JAM	005	008	059	JAM	005	010	
059	JAM	005	009	059	JAM	005	011	
059	JAM	005	010	059	JAM	005	012	
059	JAM	005	011	059	JAM	005	013	
059	JAM	005	012	059	JAM	005	014	
059	JAM	005	013	059	JAM	005	015	
059	JAM	005	014	059	JAM	005	016	
059	JAM	005	015	059	JAM	005	017	
059	JAM	005	016	059	JAM	005	018	
059	JAM	005	017	059	JAM	005	019	
059	JAM	005	018	059	JAM	005	020	
059	JAM	005	019	060	1PE	001	001	
059	JAM	005	020	060	1PE	001	002	
060	1PE	001	001	060	1PE	001	003	
060	1PE	001	002	060	1PE	001	004	
060	1PE	001	003	060	1PE	001	005	
060	1PE	001	004	060	1PE	001	006	
060	1PE	001	005	060	1PE	001	007	
060	1PE	001	006	060	1PE	001	008	
060	1PE	001	007	060	1PE	001	009	
060	1PE	001	008	060	1PE	001	010	
060	1PE	001	009	060	1PE	001	011	
060	1PE	001	010	060	1PE	001	012	
060	1PE	001	011	060	1PE	001	013	
060	1PE	001	012	060	1PE	001	014	
060	1PE	001	013	060	1PE	001	015	
060	1PE	001	014	060	1PE	001	016	
060	1PE	001	015	060	1PE	001	017	
060	1PE	001	016	060	1PE	001	018	
060	1PE	001	017	060	1PE	001	019	
060	1PE	001	018	060	1PE	001	020	
060	1PE	001	019	060	1PE	001	021	
060	1PE	001	020	060	1PE	001	022	
060	1PE	001	021	060	1PE	001	023	
060	1PE	001	022	060	1PE	001	024	
060	1PE	001	023	060	1PE	001	025	
060	1PE	001	024	060	1PE	002	001	
060	1PE	001	025	060	1PE	002	002	
060	1PE	002	001	060	1PE	002	003	
060	1PE	002	002	060	1PE	002	004	
060	1PE	002	003	060	1PE	002	005	
060	1PE	002	004	060	1PE	002	006	
060	1PE	002	005	060	1PE	002	007	
060	1PE	002	006	060	1PE	002	008	
060	1PE	002	007	060	1PE	002	009	
060	1PE	002	008	060	1PE	002	010	
060	1PE	002	009	060	1PE	002	011	
060	1PE	002	010	060	1PE	002	012	
060	1PE	002	011	060	1PE	002	013	
060	1PE	002	012	060	1PE	002	014	
060	1PE	002	013	060	1PE	002	015	
060	1PE	002	014	060	1PE	002	016	
060	1PE	002	015	060	1PE	002	017	
060	1PE	002	016	060	1PE	002	018	
060	1PE	002	017	060	1PE	002	019	
060	1PE	002	018	060	1PE	002	020	
060	1PE	002	019	060	1PE	002	021	
060	1PE	002	020	060	1PE	002	022	
060	1PE	002	021	060	1PE	002	023	
060	1PE	002	022	060	1PE	002	024	
060	1PE	002	023	060	1PE	002	025	
060	1PE	002	024	060	1PE	003	001	
060	1PE	002	025	060	1PE	003	002	
060	1PE	003	001	060	1PE	003	003	
060	1PE	003	002	060	1PE	003	004	
060	1PE	003	003	060	1PE	003	005	
060	1PE	003	004	060	1PE	003	006	
060	1PE	003	005	060	1PE	003	007	
060	1PE	003	006	060	1PE	003	008	
060	1PE	003	007	060	1PE	003	009	
060	1PE	003	008	060	1PE	003	010	
060	1PE	003	009	060	1PE	003	011	
060	1PE	003	010	060	1PE	003	012	
060	1PE	003	011	060	1PE	003	013	
060	1PE	003	012	060	1PE	003	014	
060	1PE	003	013	060	1PE	003	015	
060	1PE	003	014	060	1PE	003	016	
060	1PE	003	015	060	1PE	003	017	
060	1PE	003	016	060	1PE	003	018	
060	1PE	003	017	060	1PE	003	019	
060	1PE	003	018	060	1PE	003	020	
060	1PE	003	019	060	1PE	003	021	
060	1PE	003	020	060	1PE	003	022	
060	1PE	003	021	060	1PE	004	001	
060	1PE	003	022	060	1PE	004	002	
060	1PE	004	001	060	1PE	004	003	
060	1PE	004	002	060	1PE	004	004	
060	1PE	004	003	060	1PE	004	005	
060	1PE	004	004	060	1PE	004	006	
060	1PE	004	005	060	1PE	004	007	
060	1PE	004	006	060	1PE	004	008	
060	1PE	004	007	060	1PE	004	009	
060	1PE	004	008	060	1PE	004	010	
060	1PE	004	009	060	1PE	004	011	
060	1PE	004	010	060	1PE	004	012	
060	1PE	004	011	060	1PE	004	013	
060	1PE	004	012	060	1PE	004	014	
060	1PE	004	013	060	1PE	004	015	
060	1PE	004	014	060	1PE	004	016	
060	1PE	004	015	060	1PE	004	017	
060	1PE	004	016	060	1PE	004	018	
060	1PE	004	017	060	1PE	004	019	
060	1PE	004	018	060	1PE	005	001	
060	1PE	004	019	060	1PE	005	002	
060	1PE	005	001	060	1PE	005	003	
060	1PE	005	002	060	1PE	005	004	
060	1PE	005	003	060	1PE	005	005	
060	1PE	005	004	060	1PE	005	006	
060	1PE	005	005	060	1PE	005	007	
060	1PE	005	006	060	1PE	005	008	
060	1PE	005	007	060	1PE	005	009	
060	1PE	005	008	060	1PE	005	010	
060	1PE	005	009	060	1PE	005	011	
060	1PE	005	010	060	1PE	005	012	
060	1PE	005	011	060	1PE	005	013	
060	1PE	005	012	060	1PE	005	014	
060	1PE	005	013	061	2PE	001	001	
060	1PE	005	014	061	2PE	001	002	
061	2PE	001	001	061	2PE	001	003	
061	2PE	001	002	061	2PE	001	004	
061	2PE	001	003	061	2PE	001	005	
061	2PE	001	004	061	2PE	001	006	
061	2PE	001	005	061	2PE	001	007	
061	2PE	001	006	061	2PE	001	008	
061	2PE	001	007	061	2PE	001	009	
061	2PE	001	008	061	2PE	001	010	
061	2PE	001	009	061	2PE	001	011	
061	2PE	001	010	061	2PE	001	012	
061	2PE	001	011	061	2PE	001	013	
061	2PE	001	012	061	2PE	001	014	
061	2PE	001	013	061	2PE	001	015	
061	2PE	001	014	061	2PE	001	016	
061	2PE	001	015	061	2PE	001	017	
061	2PE	001	016	061	2PE	001	018	
061	2PE	001	017	061	2PE	001	019	
061	2PE	001	018	061	2PE	001	020	
061	2PE	001	019	061	2PE	001	021	
061	2PE	001	020	061	2PE	002	001	
061	2PE	001	021	061	2PE	002	002	
061	2PE	002	001	061	2PE	002	003	
061	2PE	002	002	061	2PE	002	004	
061	2PE	002	003	061	2PE	002	005	
061	2PE	002	004	061	2PE	002	006	
061	2PE	002	005	061	2PE	002	007	
061	2PE	002	006	061	2PE	002	008	
061	2PE	002	007	061	2PE	002	009	
061	2PE	002	008	061	2PE	002	010	
061	2PE	002	009	061	2PE	002	011	
061	2PE	002	010	061	2PE	002	012	
061	2PE	002	011	061	2PE	002	013	
061	2PE	002	012	061	2PE	002	014	
061	2PE	002	013	061	2PE	002	015	
061	2PE	002	014	061	2PE	002	016	
061	2PE	002	015	061	2PE	002	017	
061	2PE	002	016	061	2PE	002	018	
061	2PE	002	017	061	2PE	002	019	
061	2PE	002	018	061	2PE	002	020	
061	2PE	002	019	061	2PE	002	021	
061	2PE	002	020	061	2PE	002	022	
061	2PE	002	021	061	2PE	003	001	
061	2PE	002	022	061	2PE	003	002	
061	2PE	003	001	061	2PE	003	003	
061	2PE	003	002	061	2PE	003	004	
061	2PE	003	003	061	2PE	003	005	
061	2PE	003	004	061	2PE	003	006	
061	2PE	003	005	061	2PE	003	007	
061	2PE	003	006	061	2PE	003	008	
061	2PE	003	007	061	2PE	003	009	
061	2PE	003	008	061	2PE	003	010	
061	2PE	003	009	061	2PE	003	011	
061	2PE	003	010	061	2PE	003	012	
061	2PE	003	011	061	2PE	003	013	
061	2PE	003	012	061	2PE	003	014	
061	2PE	003	013	061	2PE	003	015	
061	2PE	003	014	061	2PE	003	016	
061	2PE	003	015	061	2PE	003	017	
061	2PE	003	016	061	2PE	003	018	
061	2PE	003	017	062	1JO	001	001	
061	2PE	003	018	062	1JO	001	002	
062	1JO	001	001	062	1JO	001	003	
062	1JO	001	002	062	1JO	001	004	
062	1JO	001	003	062	1JO	001	005	
062	1JO	001	004	062	1JO	001	006	
062	1JO	001	005	062	1JO	001	007	
062	1JO	001	006	062	1JO	001	008	
062	1JO	001	007	062	1JO	001	009	
062	1JO	001	008	062	1JO	001	010	
062	1JO	001	009	062	1JO	002	001	
062	1JO	001	010	062	1JO	002	002	
062	1JO	002	001	062	1JO	002	003	
062	1JO	002	002	062	1JO	002	004	
062	1JO	002	003	062	1JO	002	005	
062	1JO	002	004	062	1JO	002	006	
062	1JO	002	005	062	1JO	002	007	
062	1JO	002	006	062	1JO	002	008	
062	1JO	002	007	062	1JO	002	009	
062	1JO	002	008	062	1JO	002	010	
062	1JO	002	009	062	1JO	002	011	
062	1JO	002	010	062	1JO	002	012	
062	1JO	002	011	062	1JO	002	013	
062	1JO	002	012	062	1JO	002	014	
062	1JO	002	013	062	1JO	002	015	
062	1JO	002	014	062	1JO	002	016	
062	1JO	002	015	062	1JO	002	017	
062	1JO	002	016	062	1JO	002	018	
062	1JO	002	017	062	1JO	002	019	
062	1JO	002	018	062	1JO	002	020	
062	1JO	002	019	062	1JO	002	021	
062	1JO	002	020	062	1JO	002	022	
062	1JO	002	021	062	1JO	002	023	
062	1JO	002	022	062	1JO	002	024	
062	1JO	002	023	062	1JO	002	025	
062	1JO	002	024	062	1JO	002	026	
062	1JO	002	025	062	1JO	002	027	
062	1JO	002	026	062	1JO	002	028	
062	1JO	002	027	062	1JO	002	029	
062	1JO	002	028	062	1JO	003	001	
062	1JO	002	029	062	1JO	003	002	
062	1JO	003	001	062	1JO	003	003	
062	1JO	003	002	062	1JO	003	004	
062	1JO	003	003	062	1JO	003	005	
062	1JO	003	004	062	1JO	003	006	
062	1JO	003	005	062	1JO	003	007	
062	1JO	003	006	062	1JO	003	008	
062	1JO	003	007	062	1JO	003	009	
062	1JO	003	008	062	1JO	003	010	
062	1JO	003	009	062	1JO	003	011	
062	1JO	003	010	062	1JO	003	012	
062	1JO	003	011	062	1JO	003	013	
062	1JO	003	012	062	1JO	003	014	
062	1JO	003	013	062	1JO	003	015	
062	1JO	003	014	062	1JO	003	016	
062	1JO	003	015	062	1JO	003	017	
062	1JO	003	016	062	1JO	003	018	
062	1JO	003	017	062	1JO	003	019	
062	1JO	003	018	062	1JO	003	020	
062	1JO	003	019	062	1JO	003	021	
062	1JO	003	020	062	1JO	003	022	
062	1JO	003	021	062	1JO	003	023	
062	1JO	003	022	062	1JO	003	024	
062	1JO	003	023	062	1JO	004	001	
062	1JO	003	024	062	1JO	004	002	
062	1JO	004	001	062	1JO	004	003	
062	1JO	004	002	062	1JO	004	004	
062	1JO	004	003	062	1JO	004	005	
062	1JO	004	004	062	1JO	004	006	
062	1JO	004	005	062	1JO	004	007	
062	1JO	004	006	062	1JO	004	008	
062	1JO	004	007	062	1JO	004	009	
062	1JO	004	008	062	1JO	004	010	
062	1JO	004	009	062	1JO	004	011	
062	1JO	004	010	062	1JO	004	012	
062	1JO	004	011	062	1JO	004	013	
062	1JO	004	012	062	1JO	004	014	
062	1JO	004	013	062	1JO	004	015	
062	1JO	004	014	062	1JO	004	016	
062	1JO	004	015	062	1JO	004	017	
062	1JO	004	016	062	1JO	004	018	
062	1JO	004	017	062	1JO	004	019	
062	1JO	004	018	062	1JO	004	020	
062	1JO	004	019	062	1JO	004	021	
062	1JO	004	020	062	1JO	005	001	
062	1JO	004	021	062	1JO	005	002	
062	1JO	005	001	062	1JO	005	003	
062	1JO	005	002	062	1JO	005	004	
062	1JO	005	003	062	1JO	005	005	
062	1JO	005	004	062	1JO	005	006	
062	1JO	005	005	062	1JO	005	007	
062	1JO	005	006	062	1JO	005	008	
062	1JO	005	007	062	1JO	005	009	
062	1JO	005	008	062	1JO	005	010	
062	1JO	005	009	062	1JO	005	011	
062	1JO	005	010	062	1JO	005	012	
062	1JO	005	011	062	1JO	005	013	
062	1JO	005	012	062	1JO	005	014	
062	1JO	005	013	062	1JO	005	015	
062	1JO	005	014	062	1JO	005	016	
062	1JO	005	015	062	1JO	005	017	
062	1JO	005	016	062	1JO	005	018	
062	1JO	005	017	062	1JO	005	019	
062	1JO	005	018	062	1JO	005	020	
062	1JO	005	019	062	1JO	005	021	
062	1JO	005	020	063	2JO	001	001	
062	1JO	005	021	063	2JO	001	002	
063	2JO	001	001	063	2JO	001	003	
063	2JO	001	002	063	2JO	001	004	
063	2JO	001	003	063	2JO	001	005	
063	2JO	001	004	063	2JO	001	006	
063	2JO	001	005	063	2JO	001	007	
063	2JO	001	006	063	2JO	001	008	
063	2JO	001	007	063	2JO	001	009	
063	2JO	001	008	063	2JO	001	010	
063	2JO	001	009	063	2JO	001	011	
063	2JO	001	010	063	2JO	001	012	
063	2JO	001	011	063	2JO	001	013	
063	2JO	001	012	064	3JO	001	001	
063	2JO	001	013	064	3JO	001	002	
064	3JO	001	001	064	3JO	001	003	
064	3JO	001	002	064	3JO	001	004	
064	3JO	001	003	064	3JO	001	005	
064	3JO	001	004	064	3JO	001	006	
064	3JO	001	005	064	3JO	001	007	
064	3JO	001	006	064	3JO	001	008	
064	3JO	001	007	064	3JO	001	009	
064	3JO	001	008	064	3JO	001	010	
064	3JO	001	009	064	3JO	001	011	
064	3JO	001	010	064	3JO	001	012	
064	3JO	001	011	064	3JO	001	013	
064	3JO	001	012	064	3JO	001	014	
064	3JO	001	013	064	3JO	001	015	
064	3JO	001	014	065	JUD	001	001	offset +1
065	JUD	001	001	065	JUD	001	002	
065	JUD	001	002	065	JUD	001	003	
065	JUD	001	003	065	JUD	001	004	
065	JUD	001	004	065	JUD	001	005	
065	JUD	001	005	065	JUD	001	006	
065	JUD	001	006	065	JUD	001	007	
065	JUD	001	007	065	JUD	001	008	
065	JUD	001	008	065	JUD	001	009	
065	JUD	001	009	065	JUD	001	010	
065	JUD	001	010	065	JUD	001	011	
065	JUD	001	011	065	JUD	001	012	
065	JUD	001	012	065	JUD	001	013	
065	JUD	001	013	065	JUD	001	014	
065	JUD	001	014	065	JUD	001	015	
065	JUD	001	015	065	JUD	001	016	
065	JUD	001	016	065	JUD	001	017	
065	JUD	001	017	065	JUD	001	018	
065	JUD	001	018	065	JUD	001	019	
065	JUD	001	019	065	JUD	001	020	
065	JUD	001	020	065	JUD	001	021	
065	JUD	001	021	065	JUD	001	022	
065	JUD	001	022	065	JUD	001	023	
065	JUD	001	023	065	JUD	001	024	
065	JUD	001	024	065	JUD	001	025	
065	JUD	001	025	066	REV	001	001	
066	REV	001	001	066	REV	001	002	
066	REV	001	002	066	REV	001	003	
066	REV	001	003	066	REV	001	004	
066	REV	001	004	066	REV	001	005	
066	REV	001	005	066	REV	001	006	
066	REV	001	006	066	REV	001	007	
066	REV	001	007	066	REV	001	008	
066	REV	001	008	066	REV	001	009	
066	REV	001	009	066	REV	001	010	
066	REV	001	010	066	REV	001	011	
066	REV	001	011	066	REV	001	012	
066	REV	001	012	066	REV	001	013	
066	REV	001	013	066	REV	001	014	
066	REV	001	014	066	REV	001	015	
066	REV	001	015	066	REV	001	016	
066	REV	001	016	066	REV	001	017	
066	REV	001	017	066	REV	001	018	
066	REV	001	018	066	REV	001	019	
066	REV	001	019	066	REV	001	020	
066	REV	001	020	066	REV	002	001	
066	REV	002	001	066	REV	002	002	
066	REV	002	002	066	REV	002	003	
066	REV	002	003	066	REV	002	004	
066	REV	002	004	066	REV	002	005	
066	REV	002	005	066	REV	002	006	
066	REV	002	006	066	REV	002	007	
066	REV	002	007	066	REV	002	008	
066	REV	002	008	066	REV	002	009	
066	REV	002	009	066	REV	002	010	
066	REV	002	010	066	REV	002	011	
066	REV	002	011	066	REV	002	012	
066	REV	002	012	066	REV	002	013	
066	REV	002	013	066	REV	002	014	
066	REV	002	014	066	REV	002	015	
066	REV	002	015	066	REV	002	016	
066	REV	002	016	066	REV	002	017	
066	REV	002	017	066	REV	002	018	
066	REV	002	018	066	REV	002	019	
066	REV	002	019	066	REV	002	020	
066	REV	002	020	066	REV	002	021	
066	REV	002	021	066	REV	002	022	
066	REV	002	022	066	REV	002	023	
066	REV	002	023	066	REV	002	024	
066	REV	002	024	066	REV	002	025	
066	REV	002	025	066	REV	002	026	
066	REV	002	026	066	REV	002	027	
066	REV	002	027	066	REV	002	028	
066	REV	002	028	066	REV	002	029	
066	REV	002	029	066	REV	003	001	
066	REV	003	001	066	REV	003	002	
066	REV	003	002	066	REV	003	003	
066	REV	003	003	066	REV	003	004	
066	REV	003	004	066	REV	003	005	
066	REV	003	005	066	REV	003	006	
066	REV	003	006	066	REV	003	007	
066	REV	003	007	066	REV	003	008	
066	REV	003	008	066	REV	003	009	
066	REV	003	009	066	REV	003	010	
066	REV	003	010	066	REV	003	011	
066	REV	003	011	066	REV	003	012	
066	REV	003	012	066	REV	003	013	
066	REV	003	013	066	REV	003	014	
066	REV	003	014	066	REV	003	015	
066	REV	003	015	066	REV	003	016	
066	REV	003	016	066	REV	003	017	
066	REV	003	017	066	REV	003	018	
066	REV	003	018	066	REV	003	019	
066	REV	003	019	066	REV	003	020	
066	REV	003	020	066	REV	003	021	
066	REV	003	021	066	REV	003	022	
066	REV	003	022	066	REV	004	001	
066	REV	004	001	066	REV	004	002	
066	REV	004	002	066	REV	004	003	
066	REV	004	003	066	REV	004	004	
066	REV	004	004	066	REV	004	005	
066	REV	004	005	066	REV	004	006	
066	REV	004	006	066	REV	004	007	
066	REV	004	007	066	REV	004	008	
066	REV	004	008	066	REV	004	009	
066	REV	004	009	066	REV	004	010	
066	REV	004	010	066	REV	004	011	
066	REV	004	011	066	REV	005	001	
066	REV	005	001	066	REV	005	002	
066	REV	005	002	066	REV	005	003	
066	REV	005	003	066	REV	005	004	
066	REV	005	004	066	REV	005	005	
066	REV	005	005	066	REV	005	006	
066	REV	005	006	066	REV	005	007	
066	REV	005	007	066	REV	005	008	
066	REV	005	008	066	REV	005	009	
066	REV	005	009	066	REV	005	010	
066	REV	005	010	066	REV	005	011	
066	REV	005	011	066	REV	005	012	
066	REV	005	012	066	REV	005	013	
066	REV	005	013	066	REV	005	014	
066	REV	005	014	066	REV	006	001	
066	REV	006	001	066	REV	006	002	
066	REV	006	002	066	REV	006	003	
066	REV	006	003	066	REV	006	004	
066	REV	006	004	066	REV	006	005	
066	REV	006	005	066	REV	006	006	
066	REV	006	006	066	REV	006	007	
066	REV	006	007	066	REV	006	008	
066	REV	006	008	066	REV	006	009	
066	REV	006	009	066	REV	006	010	
066	REV	006	010	066	REV	006	011	
066	REV	006	011	066	REV	006	012	
066	REV	006	012	066	REV	006	013	
066	REV	006	013	066	REV	006	014	
066	REV	006	014	066	REV	006	015	
066	REV	006	015	066	REV	006	016	
066	REV	006	016	066	REV	006	017	
066	REV	006	017	066	REV	007	001	
066	REV	007	001	066	REV	007	002	
066	REV	007	002	066	REV	007	003	
066	REV	007	003	066	REV	007	004	
066	REV	007	004	066	REV	007	005	
066	REV	007	005	066	REV	007	006	
066	REV	007	006	066	REV	007	007	
066	REV	007	007	066	REV	007	008	
066	REV	007	008	066	REV	007	009	
066	REV	007	009	066	REV	007	010	
066	REV	007	010	066	REV	007	011	
066	REV	007	011	066	REV	007	012	
066	REV	007	012	066	REV	007	013	
066	REV	007	013	066	REV	007	014	
066	REV	007	014	066	REV	007	015	
066	REV	007	015	066	REV	007	016	
066	REV	007	016	066	REV	007	017	
066	REV	007	017	066	REV	008	001	
066	REV	008	001	066	REV	008	002	
066	REV	008	002	066	REV	008	003	
066	REV	008	003	066	REV	008	004	
066	REV	008	004	066	REV	008	005	
066	REV	008	005	066	REV	008	006	
066	REV	008	006	066	REV	008	007	
066	REV	008	007	066	REV	008	008	
066	REV	008	008	066	REV	008	009	
066	REV	008	009	066	REV	008	010	
066	REV	008	010	066	REV	008	011	
066	REV	008	011	066	REV	008	012	
066	REV	008	012	066	REV	008	013	
066	REV	008	013	066	REV	009	001	
066	REV	009	001	066	REV	009	002	
066	REV	009	002	066	REV	009	003	
066	REV	009	003	066	REV	009	004	
066	REV	009	004	066	REV	009	005	
066	REV	009	005	066	REV	009	006	
066	REV	009	006	066	REV	009	007	
066	REV	009	007	066	REV	009	008	
066	REV	009	008	066	REV	009	009	
066	REV	009	009	066	REV	009	010	
066	REV	009	010	066	REV	009	011	
066	REV	009	011	066	REV	009	012	
066	REV	009	012	066	REV	009	013	
066	REV	009	013	066	REV	009	014	
066	REV	009	014	066	REV	009	015	
066	REV	009	015	066	REV	009	016	
066	REV	009	016	066	REV	009	017	
066	REV	009	017	066	REV	009	018	
066	REV	009	018	066	REV	009	019	
066	REV	009	019	066	REV	009	020	
066	REV	009	020	066	REV	009	021	
066	REV	009	021	066	REV	010	001	
066	REV	010	001	066	REV	010	002	
066	REV	010	002	066	REV	010	003	
066	REV	010	003	066	REV	010	004	
066	REV	010	004	066	REV	010	005	
066	REV	010	005	066	REV	010	006	
066	REV	010	006	066	REV	010	007	
066	REV	010	007	066	REV	010	008	
066	REV	010	008	066	REV	010	009	
066	REV	010	009	066	REV	010	010	
066	REV	010	010	066	REV	010	011	
066	REV	010	011	066	REV	011	001	
066	REV	011	001	066	REV	011	002	
066	REV	011	002	066	REV	011	003	
066	REV	011	003	066	REV	011	004	
066	REV	011	004	066	REV	011	005	
066	REV	011	005	066	REV	011	006	
066	REV	011	006	066	REV	011	007	
066	REV	011	007	066	REV	011	008	
066	REV	011	008	066	REV	011	009	
066	REV	011	009	066	REV	011	010	
066	REV	011	010	066	REV	011	011	
066	REV	011	011	066	REV	011	012	
066	REV	011	012	066	REV	011	013	
066	REV	011	013	066	REV	011	014	
066	REV	011	014	066	REV	011	015	
066	REV	011	015	066	REV	011	016	
066	REV	011	016	066	REV	011	017	
066	REV	011	017	066	REV	011	018	
066	REV	011	018	066	REV	011	019	
066	REV	011	019	066	REV	012	001	
066	REV	012	001	066	REV	012	002	
066	REV	012	002	066	REV	012	003	
066	REV	012	003	066	REV	012	004	
066	REV	012	004	066	REV	012	005	
066	REV	012	005	066	REV	012	006	
066	REV	012	006	066	REV	012	007	
066	REV	012	007	066	REV	012	008	
066	REV	012	008	066	REV	012	009	
066	REV	012	009	066	REV	012	010	
066	REV	012	010	066	REV	012	011	
066	REV	012	011	066	REV	012	012	
066	REV	012	012	066	REV	012	013	
066	REV	012	013	066	REV	012	014	
066	REV	012	014	066	REV	012	015	
066	REV	012	015	066	REV	012	016	
066	REV	012	016	066	REV	012	017	
066	REV	012	017	066	REV	012	018	
066	REV	013	001	066	REV	013	001	offset +0
066	REV	013	002	066	REV	013	002	
066	REV	013	003	066	REV	013	003	
066	REV	013	004	066	REV	013	004	
066	REV	013	005	066	REV	013	005	
066	REV	013	006	066	REV	013	006	
066	REV	013	007	066	REV	013	007	
066	REV	013	008	066	REV	013	008	
066	REV	013	009	066	REV	013	009	
066	REV	013	010	066	REV	013	010	
066	REV	013	011	066	REV	013	011	
066	REV	013	012	066	REV	013	012	
066	REV	013	013	066	REV	013	013	
066	REV	013	014	066	REV	013	014	
066	REV	013	015	066	REV	013	015	
066	REV	013	016	066	REV	013	016	
066	REV	013	017	066	REV	013	017	
066	REV	013	018	066	REV	013	018	
066	REV	014	001	066	REV	014	001	
066	REV	014	002	066	REV	014	002	
066	REV	014	003	066	REV	014	003	
066	REV	014	004	066	REV	014	004	
066	REV	014	005	066	REV	014	005	
066	REV	014	006	066	REV	014	006	
066	REV	014	007	066	REV	014	007	
066	REV	014	008	066	REV	014	008	
066	REV	014	009	066	REV	014	009	
066	REV	014	010	066	REV	014	010	
066	REV	014	011	066	REV	014	011	
066	REV	014	012	066	REV	014	012	
066	REV	014	013	066	REV	014	013	
066	REV	014	014	066	REV	014	014	
066	REV	014	015	066	REV	014	015	
066	REV	014	016	066	REV	014	016	
066	REV	014	017	066	REV	014	017	
066	REV	014	018	066	REV	014	018	
066	REV	014	019	066	REV	014	019	
066	REV	014	020	066	REV	014	020	
066	REV	015	001	066	REV	015	001	
066	REV	015	002	066	REV	015	002	
066	REV	015	003	066	REV	015	003	
066	REV	015	004	066	REV	015	004	
066	REV	015	005	066	REV	015	005	
066	REV	015	006	066	REV	015	006	
066	REV	015	007	066	REV	015	007	
066	REV	015	008	066	REV	015	008	
066	REV	016	001	066	REV	016	001	
066	REV	016	002	066	REV	016	002	
066	REV	016	003	066	REV	016	003	
066	REV	016	004	066	REV	016	004	
066	REV	016	005	066	REV	016	005	
066	REV	016	006	066	REV	016	006	
066	REV	016	007	066	REV	016	007	
066	REV	016	008	066	REV	016	008	
066	REV	016	009	066	REV	016	009	
066	REV	016	010	066	REV	016	010	
066	REV	016	011	066	REV	016	011	
066	REV	016	012	066	REV	016	012	
066	REV	016	013	066	REV	016	013	
066	REV	016	014	066	REV	016	014	
066	REV	016	015	066	REV	016	015	
066	REV	016	016	066	REV	016	016	
066	REV	016	017	066	REV	016	017	
066	REV	016	018	066	REV	016	018	
066	REV	016	019	066	REV	016	019	
066	REV	016	020	066	REV	016	020	
066	REV	016	021	066	REV	016	021	
066	REV	017	001	066	REV	017	001	
066	REV	017	002	066	REV	017	002	
066	REV	017	003	066	REV	017	003	
066	REV	017	004	066	REV	017	004	
066	REV	017	005	066	REV	017	005	
066	REV	017	006	066	REV	017	006	
066	REV	017	007	066	REV	017	007	
066	REV	017	008	066	REV	017	008	
066	REV	017	009	066	REV	017	009	
066	REV	017	010	066	REV	017	010	
066	REV	017	011	066	REV	017	011	
066	REV	017	012	066	REV	017	012	
066	REV	017	013	066	REV	017	013	
066	REV	017	014	066	REV	017	014	
066	REV	017	015	066	REV	017	015	
066	REV	017	016	066	REV	017	016	
066	REV	017	017	066	REV	017	017	
066	REV	017	018	066	REV	017	018	
066	REV	018	001	066	REV	018	001	
066	REV	018	002	066	REV	018	002	
066	REV	018	003	066	REV	018	003	
066	REV	018	004	066	REV	018	004	
066	REV	018	005	066	REV	018	005	
066	REV	018	006	066	REV	018	006	
066	REV	018	007	066	REV	018	007	
066	REV	018	008	066	REV	018	008	
066	REV	018	009	066	REV	018	009	
066	REV	018	010	066	REV	018	010	
066	REV	018	011	066	REV	018	011	
066	REV	018	012	066	REV	018	012	
066	REV	018	013	066	REV	018	013	
066	REV	018	014	066	REV	018	014	
066	REV	018	015	066	REV	018	015	
066	REV	018	016	066	REV	018	016	
066	REV	018	017	066	REV	018	017	
066	REV	018	018	066	REV	018	018	
066	REV	018	019	066	REV	018	019	
066	REV	018	020	066	REV	018	020	
066	REV	018	021	066	REV	018	021	
066	REV	018	022	066	REV	018	022	
066	REV	018	023	066	REV	018	023	
066	REV	018	024	066	REV	018	024	
066	REV	019	001	066	REV	019	001	
066	REV	019	002	066	REV	019	002	
066	REV	019	003	066	REV	019	003	
066	REV	019	004	066	REV	019	004	
066	REV	019	005	066	REV	019	005	
066	REV	019	006	066	REV	019	006	
066	REV	019	007	066	REV	019	007	
066	REV	019	008	066	REV	019	008	
066	REV	019	009	066	REV	019	009	
066	REV	019	010	066	REV	019	010	
066	REV	019	011	066	REV	019	011	
066	REV	019	012	066	REV	019	012	
066	REV	019	013	066	REV	019	013	
066	REV	019	014	066	REV	019	014	
066	REV	019	015	066	REV	019	015	
066	REV	019	016	066	REV	019	016	
066	REV	019	017	066	REV	019	017	
066	REV	019	018	066	REV	019	018	
066	REV	019	019	066	REV	019	019	
066	REV	019	020	066	REV	019	020	
066	REV	019	021	066	REV	019	021	
066	REV	020	001	066	REV	020	001	
066	REV	020	002	066	REV	020	002	
066	REV	020	003	066	REV	020	003	
066	REV	020	004	066	REV	020	004	
066	REV	020	005	066	REV	020	005	
066	REV	020	006	066	REV	020	006	
066	REV	020	007	066	REV	020	007	
066	REV	020	008	066	REV	020	008	
066	REV	020	009	066	REV	020	009	
066	REV	020	010	066	REV	020	010	
066	REV	020	011	066	REV	020	011	
066	REV	020	012	066	REV	020	012	
066	REV	020	013	066	REV	020	013	
066	REV	020	014	066	REV	020	014	
066	REV	020	015	066	REV	020	015	
066	REV	021	001	066	REV	021	001	
066	REV	021	002	066	REV	021	002	
066	REV	021	003	066	REV	021	003	
066	REV	021	004	066	REV	021	004	
066	REV	021	005	066	REV	021	005	
066	REV	021	006	066	REV	021	006	
066	REV	021	007	066	REV	021	007	
066	REV	021	008	066	REV	021	008	
066	REV	021	009	066	REV	021	009	
066	REV	021	010	066	REV	021	010	
066	REV	021	011	066	REV	021	011	
066	REV	021	012	066	REV	021	012	
066	REV	021	013	066	REV	021	013	
066	REV	021	014	066	REV	021	014	
066	REV	021	015	066	REV	021	015	
066	REV	021	016	066	REV	021	016	
066	REV	021	017	066	REV	021	017	
066	REV	021	018	066	REV	021	018	
066	REV	021	019	066	REV	021	019	
066	REV	021	020	066	REV	021	020	
066	REV	021	021	066	REV	021	021	
066	REV	021	022	066	REV	021	022	
066	REV	021	023	066	REV	021	023	
066	REV	021	024	066	REV	021	024	
066	REV	021	025	066	REV	021	025	
066	REV	021	026	066	REV	021	026	
066	REV	021	027	066	REV	021	027	
066	REV	022	001	066	REV	022	001	
066	REV	022	002	066	REV	022	002	
066	REV	022	003	066	REV	022	003	
066	REV	022	004	066	REV	022	004	
066	REV	022	005	066	REV	022	005	
066	REV	022	006	066	REV	022	006	
066	REV	022	007	066	REV	022	007	
066	REV	022	008	066	REV	022	008	
066	REV	022	009	066	REV	022	009	
066	REV	022	010	066	REV	022	010	
066	REV	022	011	066	REV	022	011	
066	REV	022	012	066	REV	022	012	
066	REV	022	013	066	REV	022	013	
066	REV	022	014	066	REV	022	014	
066	REV	022	015	066	REV	022	015	
066	REV	022	016	066	REV	022	016	
066	REV	022	017	066	REV	022	017	
066	REV	022	018	066	REV	022	018	
066	REV	022	019	066	REV	022	019	
066	REV	022	020	066	REV	022	020	
066	REV	022	021	066	REV	022	021	